trace,arrival,lifespan,cores,jobid,sim,reruns,sim_start,est_end,end,lived,nodenames
trace,635,269,6,78.0,sim,0,635,904,904,269,'[''hpc_main_node_26'', ''hpc_main_node_35'', ''hpc_main_node_08'', ''hpc_main_node_31'', ''hpc_main_node_42'', ''hpc_main_node_09'']'
trace,613,321,6,76.0,sim,0,613,934,934,321,'[''hpc_main_node_03'', ''hpc_main_node_11'', ''hpc_main_node_17'', ''hpc_main_node_20'', ''hpc_main_node_29'', ''hpc_main_node_37'']'
trace,624,310,6,77.0,sim,0,624,934,934,310,'[''hpc_main_node_45'', ''hpc_main_node_47'', ''hpc_main_node_44'', ''hpc_main_node_39'', ''hpc_main_node_02'', ''hpc_main_node_21'']'
trace,667,267,6,80.0,sim,0,667,934,934,267,'[''hpc_main_node_38'', ''hpc_main_node_18'', ''hpc_main_node_33'', ''hpc_main_node_04'', ''hpc_main_node_30'', ''hpc_main_node_07'']'
trace,677,257,6,81.0,sim,0,677,934,934,257,'[''hpc_main_node_32'', ''hpc_main_node_10'', ''hpc_main_node_49'', ''hpc_main_node_01'', ''hpc_main_node_34'', ''hpc_main_node_48'']'
trace,688,246,6,82.0,sim,0,688,934,934,246,'[''hpc_main_node_22'', ''hpc_main_node_25'', ''hpc_main_node_06'', ''hpc_main_node_12'', ''hpc_main_node_05'', ''hpc_main_node_14'']'
trace,709,255,6,84.0,sim,0,709,964,964,255,'[''hpc_main_node_36'', ''hpc_main_node_13'', ''hpc_main_node_46'', ''hpc_main_node_28'', ''hpc_main_node_43'', ''hpc_main_node_19'']'
trace,719,245,6,85.0,sim,0,719,964,964,245,'[''hpc_main_node_15'', ''hpc_main_node_40'', ''hpc_main_node_23'', ''hpc_main_node_16'', ''hpc_main_node_27'', ''hpc_main_node_41'']'
trace,751,267,6,88.0,sim,0,934,1201,1201,267,'[''hpc_main_node_03'', ''hpc_main_node_11'', ''hpc_main_node_17'', ''hpc_main_node_20'', ''hpc_main_node_29'', ''hpc_main_node_37'']'
trace,762,267,6,89.0,sim,0,934,1201,1201,267,'[''hpc_main_node_45'', ''hpc_main_node_47'', ''hpc_main_node_44'', ''hpc_main_node_39'', ''hpc_main_node_02'', ''hpc_main_node_21'']'
trace,794,267,6,92.0,sim,0,934,1201,1201,267,'[''hpc_main_node_32'', ''hpc_main_node_10'', ''hpc_main_node_49'', ''hpc_main_node_01'', ''hpc_main_node_34'', ''hpc_main_node_48'']'
trace,730,328,6,86.0,sim,0,904,1232,1232,328,'[''hpc_main_node_26'', ''hpc_main_node_35'', ''hpc_main_node_08'', ''hpc_main_node_31'', ''hpc_main_node_42'', ''hpc_main_node_09'']'
trace,773,327,6,90.0,sim,0,934,1261,1261,327,'[''hpc_main_node_38'', ''hpc_main_node_18'', ''hpc_main_node_33'', ''hpc_main_node_04'', ''hpc_main_node_30'', ''hpc_main_node_07'']'
trace,858,327,6,96.0,sim,0,964,1291,1291,327,'[''hpc_main_node_15'', ''hpc_main_node_40'', ''hpc_main_node_23'', ''hpc_main_node_16'', ''hpc_main_node_27'', ''hpc_main_node_41'']'
trace,804,387,6,93.0,sim,0,934,1321,1321,387,'[''hpc_main_node_22'', ''hpc_main_node_25'', ''hpc_main_node_06'', ''hpc_main_node_12'', ''hpc_main_node_05'', ''hpc_main_node_14'']'
trace,815,387,6,94.0,sim,0,964,1351,1351,387,'[''hpc_main_node_36'', ''hpc_main_node_13'', ''hpc_main_node_46'', ''hpc_main_node_28'', ''hpc_main_node_43'', ''hpc_main_node_19'']'
trace,869,267,3,97.0,sim,0,1201,1468,1468,267,'[''hpc_main_node_03'', ''hpc_main_node_11'', ''hpc_main_node_17'']'
trace,881,267,2,98.0,sim,0,1201,1468,1468,267,'[''hpc_main_node_20'', ''hpc_main_node_29'']'
trace,901,267,1,100.0,sim,0,1201,1468,1468,267,'[''hpc_main_node_37'']'
trace,923,267,1,102.0,sim,0,1201,1468,1468,267,'[''hpc_main_node_47'']'
trace,912,387,1,101.0,sim,0,1201,1588,1588,387,'[''hpc_main_node_45'']'
trace,1829,243,6,106.0,sim,0,1829,2072,2072,243,'[''hpc_main_node_26'', ''hpc_main_node_35'', ''hpc_main_node_08'', ''hpc_main_node_31'', ''hpc_main_node_42'', ''hpc_main_node_09'']'
trace,1807,266,6,104.0,sim,0,1807,2073,2073,266,'[''hpc_main_node_03'', ''hpc_main_node_11'', ''hpc_main_node_17'', ''hpc_main_node_20'', ''hpc_main_node_29'', ''hpc_main_node_37'']'
trace,1851,251,6,108.0,sim,0,1851,2102,2102,251,'[''hpc_main_node_38'', ''hpc_main_node_18'', ''hpc_main_node_33'', ''hpc_main_node_04'', ''hpc_main_node_30'', ''hpc_main_node_07'']'
trace,1863,269,6,109.0,sim,0,1863,2132,2132,269,'[''hpc_main_node_32'', ''hpc_main_node_10'', ''hpc_main_node_49'', ''hpc_main_node_01'', ''hpc_main_node_34'', ''hpc_main_node_48'']'
trace,1874,258,6,110.0,sim,0,1874,2132,2132,258,'[''hpc_main_node_22'', ''hpc_main_node_25'', ''hpc_main_node_06'', ''hpc_main_node_12'', ''hpc_main_node_05'', ''hpc_main_node_14'']'
trace,1819,314,6,105.0,sim,0,1819,2133,2133,314,'[''hpc_main_node_45'', ''hpc_main_node_47'', ''hpc_main_node_44'', ''hpc_main_node_39'', ''hpc_main_node_02'', ''hpc_main_node_21'']'
trace,1897,265,6,112.0,sim,0,1897,2162,2162,265,'[''hpc_main_node_36'', ''hpc_main_node_13'', ''hpc_main_node_46'', ''hpc_main_node_28'', ''hpc_main_node_43'', ''hpc_main_node_19'']'
trace,1910,253,6,113.0,sim,0,1910,2163,2163,253,'[''hpc_main_node_15'', ''hpc_main_node_40'', ''hpc_main_node_23'', ''hpc_main_node_16'', ''hpc_main_node_27'', ''hpc_main_node_41'']'
trace,1921,268,6,114.0,sim,0,2072,2340,2340,268,'[''hpc_main_node_26'', ''hpc_main_node_35'', ''hpc_main_node_08'', ''hpc_main_node_31'', ''hpc_main_node_42'', ''hpc_main_node_09'']'
trace,1943,268,6,116.0,sim,0,2073,2341,2341,268,'[''hpc_main_node_03'', ''hpc_main_node_11'', ''hpc_main_node_17'', ''hpc_main_node_20'', ''hpc_main_node_29'', ''hpc_main_node_37'']'
trace,1954,267,6,117.0,sim,0,2102,2369,2369,267,'[''hpc_main_node_38'', ''hpc_main_node_18'', ''hpc_main_node_33'', ''hpc_main_node_04'', ''hpc_main_node_30'', ''hpc_main_node_07'']'
trace,1999,267,6,121.0,sim,0,2133,2400,2400,267,'[''hpc_main_node_45'', ''hpc_main_node_47'', ''hpc_main_node_44'', ''hpc_main_node_39'', ''hpc_main_node_02'', ''hpc_main_node_21'']'
trace,2009,268,6,122.0,sim,0,2162,2430,2430,268,'[''hpc_main_node_36'', ''hpc_main_node_13'', ''hpc_main_node_46'', ''hpc_main_node_28'', ''hpc_main_node_43'', ''hpc_main_node_19'']'
trace,1988,327,6,120.0,sim,0,2132,2459,2459,327,'[''hpc_main_node_22'', ''hpc_main_node_25'', ''hpc_main_node_06'', ''hpc_main_node_12'', ''hpc_main_node_05'', ''hpc_main_node_14'']'
trace,2031,327,6,124.0,sim,0,2163,2490,2490,327,'[''hpc_main_node_15'', ''hpc_main_node_40'', ''hpc_main_node_23'', ''hpc_main_node_16'', ''hpc_main_node_27'', ''hpc_main_node_41'']'
trace,1965,387,6,118.0,sim,0,2132,2519,2519,387,'[''hpc_main_node_32'', ''hpc_main_node_10'', ''hpc_main_node_49'', ''hpc_main_node_01'', ''hpc_main_node_34'', ''hpc_main_node_48'']'
trace,2042,267,6,125.0,sim,0,2340,2607,2607,267,'[''hpc_main_node_26'', ''hpc_main_node_35'', ''hpc_main_node_08'', ''hpc_main_node_31'', ''hpc_main_node_42'', ''hpc_main_node_09'']'
trace,2076,267,1,128.0,sim,0,2341,2608,2608,267,'[''hpc_main_node_20'']'
trace,2098,267,1,130.0,sim,0,2341,2608,2608,267,'[''hpc_main_node_37'']'
trace,2054,328,3,126.0,sim,0,2341,2669,2669,328,'[''hpc_main_node_03'', ''hpc_main_node_11'', ''hpc_main_node_17'']'
trace,2619,82,1,132.0,sim,0,2619,2701,2701,82,'[''hpc_main_node_20'']'
trace,2628,73,1,133.0,sim,0,2628,2701,2701,73,'[''hpc_main_node_37'']'
trace,2636,65,1,134.0,sim,0,2636,2701,2701,65,'[''hpc_main_node_45'']'
trace,2086,447,1,129.0,sim,0,2341,2788,2788,447,'[''hpc_main_node_29'']'
trace,2992,249,6,137.0,sim,0,2992,3241,3241,249,'[''hpc_main_node_45'', ''hpc_main_node_47'', ''hpc_main_node_44'', ''hpc_main_node_39'', ''hpc_main_node_02'', ''hpc_main_node_21'']'
trace,3004,267,6,138.0,sim,0,3004,3271,3271,267,'[''hpc_main_node_26'', ''hpc_main_node_35'', ''hpc_main_node_08'', ''hpc_main_node_31'', ''hpc_main_node_42'', ''hpc_main_node_09'']'
trace,3027,244,6,140.0,sim,0,3027,3271,3271,244,'[''hpc_main_node_38'', ''hpc_main_node_18'', ''hpc_main_node_33'', ''hpc_main_node_04'', ''hpc_main_node_30'', ''hpc_main_node_07'']'
trace,2981,320,6,136.0,sim,0,2981,3301,3301,320,'[''hpc_main_node_03'', ''hpc_main_node_11'', ''hpc_main_node_17'', ''hpc_main_node_20'', ''hpc_main_node_29'', ''hpc_main_node_37'']'
trace,3049,252,6,142.0,sim,0,3049,3301,3301,252,'[''hpc_main_node_22'', ''hpc_main_node_25'', ''hpc_main_node_06'', ''hpc_main_node_12'', ''hpc_main_node_05'', ''hpc_main_node_14'']'
trace,3071,260,6,144.0,sim,0,3071,3331,3331,260,'[''hpc_main_node_36'', ''hpc_main_node_13'', ''hpc_main_node_46'', ''hpc_main_node_28'', ''hpc_main_node_43'', ''hpc_main_node_19'']'
trace,3081,250,6,145.0,sim,0,3081,3331,3331,250,'[''hpc_main_node_15'', ''hpc_main_node_40'', ''hpc_main_node_23'', ''hpc_main_node_16'', ''hpc_main_node_27'', ''hpc_main_node_41'']'
trace,3038,323,6,141.0,sim,0,3038,3361,3361,323,'[''hpc_main_node_32'', ''hpc_main_node_10'', ''hpc_main_node_49'', ''hpc_main_node_01'', ''hpc_main_node_34'', ''hpc_main_node_48'']'
trace,3092,267,6,146.0,sim,0,3241,3508,3508,267,'[''hpc_main_node_45'', ''hpc_main_node_47'', ''hpc_main_node_44'', ''hpc_main_node_39'', ''hpc_main_node_02'', ''hpc_main_node_21'']'
trace,3114,267,6,148.0,sim,0,3271,3538,3538,267,'[''hpc_main_node_26'', ''hpc_main_node_35'', ''hpc_main_node_08'', ''hpc_main_node_31'', ''hpc_main_node_42'', ''hpc_main_node_09'']'
trace,3125,267,6,149.0,sim,0,3271,3538,3538,267,'[''hpc_main_node_38'', ''hpc_main_node_18'', ''hpc_main_node_33'', ''hpc_main_node_04'', ''hpc_main_node_30'', ''hpc_main_node_07'']'
trace,3170,268,6,152.0,sim,0,3301,3569,3569,268,'[''hpc_main_node_22'', ''hpc_main_node_25'', ''hpc_main_node_06'', ''hpc_main_node_12'', ''hpc_main_node_05'', ''hpc_main_node_14'']'
trace,3191,268,6,154.0,sim,0,3331,3599,3599,268,'[''hpc_main_node_15'', ''hpc_main_node_40'', ''hpc_main_node_23'', ''hpc_main_node_16'', ''hpc_main_node_27'', ''hpc_main_node_41'']'
trace,3136,328,6,150.0,sim,0,3301,3629,3629,328,'[''hpc_main_node_03'', ''hpc_main_node_11'', ''hpc_main_node_17'', ''hpc_main_node_20'', ''hpc_main_node_29'', ''hpc_main_node_37'']'
trace,3213,268,6,156.0,sim,0,3361,3629,3629,268,'[''hpc_main_node_32'', ''hpc_main_node_10'', ''hpc_main_node_49'', ''hpc_main_node_01'', ''hpc_main_node_34'', ''hpc_main_node_48'']'
trace,3181,388,6,153.0,sim,0,3331,3719,3719,388,'[''hpc_main_node_36'', ''hpc_main_node_13'', ''hpc_main_node_46'', ''hpc_main_node_28'', ''hpc_main_node_43'', ''hpc_main_node_19'']'
trace,3224,267,6,157.0,sim,0,3508,3775,3775,267,'[''hpc_main_node_45'', ''hpc_main_node_47'', ''hpc_main_node_44'', ''hpc_main_node_39'', ''hpc_main_node_02'', ''hpc_main_node_21'']'
trace,3256,267,1,160.0,sim,0,3538,3805,3805,267,'[''hpc_main_node_31'']'
trace,3268,267,1,161.0,sim,0,3538,3805,3805,267,'[''hpc_main_node_42'']'
trace,3279,267,1,162.0,sim,0,3538,3805,3805,267,'[''hpc_main_node_09'']'
trace,3771,68,1,166.0,sim,0,3771,3839,3839,68,'[''hpc_main_node_17'']'
trace,3751,89,1,164.0,sim,0,3751,3840,3840,89,'[''hpc_main_node_03'']'
trace,3761,79,1,165.0,sim,0,3761,3840,3840,79,'[''hpc_main_node_11'']'
trace,3235,507,3,158.0,sim,0,3538,4045,4045,507,'[''hpc_main_node_26'', ''hpc_main_node_35'', ''hpc_main_node_08'']'
trace,4161,249,6,168.0,sim,0,4161,4410,4410,249,'[''hpc_main_node_03'', ''hpc_main_node_11'', ''hpc_main_node_17'', ''hpc_main_node_20'', ''hpc_main_node_29'', ''hpc_main_node_37'']'
trace,4172,268,6,169.0,sim,0,4172,4440,4440,268,'[''hpc_main_node_45'', ''hpc_main_node_47'', ''hpc_main_node_44'', ''hpc_main_node_39'', ''hpc_main_node_02'', ''hpc_main_node_21'']'
trace,4183,257,6,170.0,sim,0,4183,4440,4440,257,'[''hpc_main_node_26'', ''hpc_main_node_35'', ''hpc_main_node_08'', ''hpc_main_node_31'', ''hpc_main_node_42'', ''hpc_main_node_09'']'
trace,4216,253,6,173.0,sim,0,4216,4469,4469,253,'[''hpc_main_node_32'', ''hpc_main_node_10'', ''hpc_main_node_49'', ''hpc_main_node_01'', ''hpc_main_node_34'', ''hpc_main_node_48'']'
trace,4227,242,6,174.0,sim,0,4227,4469,4469,242,'[''hpc_main_node_22'', ''hpc_main_node_25'', ''hpc_main_node_06'', ''hpc_main_node_12'', ''hpc_main_node_05'', ''hpc_main_node_14'']'
trace,4249,250,6,176.0,sim,0,4249,4499,4499,250,'[''hpc_main_node_36'', ''hpc_main_node_13'', ''hpc_main_node_46'', ''hpc_main_node_28'', ''hpc_main_node_43'', ''hpc_main_node_19'']'
trace,4205,324,6,172.0,sim,0,4205,4529,4529,324,'[''hpc_main_node_38'', ''hpc_main_node_18'', ''hpc_main_node_33'', ''hpc_main_node_04'', ''hpc_main_node_30'', ''hpc_main_node_07'']'
trace,4260,269,6,177.0,sim,0,4260,4529,4529,269,'[''hpc_main_node_15'', ''hpc_main_node_40'', ''hpc_main_node_23'', ''hpc_main_node_16'', ''hpc_main_node_27'', ''hpc_main_node_41'']'
trace,4271,267,6,178.0,sim,0,4410,4677,4677,267,'[''hpc_main_node_03'', ''hpc_main_node_11'', ''hpc_main_node_17'', ''hpc_main_node_20'', ''hpc_main_node_29'', ''hpc_main_node_37'']'
trace,4292,267,6,180.0,sim,0,4440,4707,4707,267,'[''hpc_main_node_45'', ''hpc_main_node_47'', ''hpc_main_node_44'', ''hpc_main_node_39'', ''hpc_main_node_02'', ''hpc_main_node_21'']'
trace,4336,267,6,184.0,sim,0,4469,4736,4736,267,'[''hpc_main_node_22'', ''hpc_main_node_25'', ''hpc_main_node_06'', ''hpc_main_node_12'', ''hpc_main_node_05'', ''hpc_main_node_14'']'
trace,4347,267,6,185.0,sim,0,4499,4766,4766,267,'[''hpc_main_node_36'', ''hpc_main_node_13'', ''hpc_main_node_46'', ''hpc_main_node_28'', ''hpc_main_node_43'', ''hpc_main_node_19'']'
trace,4315,327,6,182.0,sim,0,4469,4796,4796,327,'[''hpc_main_node_32'', ''hpc_main_node_10'', ''hpc_main_node_49'', ''hpc_main_node_01'', ''hpc_main_node_34'', ''hpc_main_node_48'']'
trace,4358,267,6,186.0,sim,0,4529,4796,4796,267,'[''hpc_main_node_38'', ''hpc_main_node_18'', ''hpc_main_node_33'', ''hpc_main_node_04'', ''hpc_main_node_30'', ''hpc_main_node_07'']'
trace,4379,327,6,188.0,sim,0,4529,4856,4856,327,'[''hpc_main_node_15'', ''hpc_main_node_40'', ''hpc_main_node_23'', ''hpc_main_node_16'', ''hpc_main_node_27'', ''hpc_main_node_41'']'
trace,4304,447,6,181.0,sim,0,4440,4887,4887,447,'[''hpc_main_node_26'', ''hpc_main_node_35'', ''hpc_main_node_08'', ''hpc_main_node_31'', ''hpc_main_node_42'', ''hpc_main_node_09'']'
trace,4390,268,6,189.0,sim,0,4677,4945,4945,268,'[''hpc_main_node_03'', ''hpc_main_node_11'', ''hpc_main_node_17'', ''hpc_main_node_20'', ''hpc_main_node_29'', ''hpc_main_node_37'']'
trace,4401,268,6,190.0,sim,0,4707,4975,4975,268,'[''hpc_main_node_45'', ''hpc_main_node_47'', ''hpc_main_node_44'', ''hpc_main_node_39'', ''hpc_main_node_02'', ''hpc_main_node_21'']'
trace,4434,267,1,193.0,sim,0,4736,5003,5003,267,'[''hpc_main_node_06'']'
trace,4445,267,1,194.0,sim,0,4736,5003,5003,267,'[''hpc_main_node_12'']'
trace,4466,267,1,196.0,sim,0,4736,5003,5003,267,'[''hpc_main_node_05'']'
trace,4423,388,2,192.0,sim,0,4736,5124,5124,388,'[''hpc_main_node_22'', ''hpc_main_node_25'']'
trace,5337,241,6,197.0,sim,0,5337,5578,5578,241,'[''hpc_main_node_03'', ''hpc_main_node_11'', ''hpc_main_node_17'', ''hpc_main_node_20'', ''hpc_main_node_29'', ''hpc_main_node_37'']'
trace,5348,261,6,198.0,sim,0,5348,5609,5609,261,'[''hpc_main_node_45'', ''hpc_main_node_47'', ''hpc_main_node_44'', ''hpc_main_node_39'', ''hpc_main_node_02'', ''hpc_main_node_21'']'
trace,5370,268,6,200.0,sim,0,5370,5638,5638,268,'[''hpc_main_node_26'', ''hpc_main_node_35'', ''hpc_main_node_08'', ''hpc_main_node_31'', ''hpc_main_node_42'', ''hpc_main_node_09'']'
trace,5380,258,6,201.0,sim,0,5380,5638,5638,258,'[''hpc_main_node_38'', ''hpc_main_node_18'', ''hpc_main_node_33'', ''hpc_main_node_04'', ''hpc_main_node_30'', ''hpc_main_node_07'']'
trace,5391,247,6,202.0,sim,0,5391,5638,5638,247,'[''hpc_main_node_32'', ''hpc_main_node_10'', ''hpc_main_node_49'', ''hpc_main_node_01'', ''hpc_main_node_34'', ''hpc_main_node_48'']'
trace,5421,247,6,205.0,sim,0,5421,5668,5668,247,'[''hpc_main_node_36'', ''hpc_main_node_13'', ''hpc_main_node_46'', ''hpc_main_node_28'', ''hpc_main_node_43'', ''hpc_main_node_19'']'
trace,5430,388,6,206.0,sim,0,5430,5818,5818,388,'[''hpc_main_node_15'', ''hpc_main_node_40'', ''hpc_main_node_23'', ''hpc_main_node_16'', ''hpc_main_node_27'', ''hpc_main_node_41'']'
trace,5449,268,6,208.0,sim,0,5578,5846,5846,268,'[''hpc_main_node_03'', ''hpc_main_node_11'', ''hpc_main_node_17'', ''hpc_main_node_20'', ''hpc_main_node_29'', ''hpc_main_node_37'']'
trace,5411,437,6,204.0,sim,0,5411,5848,5848,437,'[''hpc_main_node_22'', ''hpc_main_node_25'', ''hpc_main_node_06'', ''hpc_main_node_12'', ''hpc_main_node_05'', ''hpc_main_node_14'']'
trace,5458,268,6,209.0,sim,0,5609,5877,5877,268,'[''hpc_main_node_45'', ''hpc_main_node_47'', ''hpc_main_node_44'', ''hpc_main_node_39'', ''hpc_main_node_02'', ''hpc_main_node_21'']'
trace,5467,267,6,210.0,sim,0,5638,5905,5905,267,'[''hpc_main_node_26'', ''hpc_main_node_35'', ''hpc_main_node_08'', ''hpc_main_node_31'', ''hpc_main_node_42'', ''hpc_main_node_09'']'
trace,5486,267,6,212.0,sim,0,5638,5905,5905,267,'[''hpc_main_node_38'', ''hpc_main_node_18'', ''hpc_main_node_33'', ''hpc_main_node_04'', ''hpc_main_node_30'', ''hpc_main_node_07'']'
trace,5504,267,6,214.0,sim,0,5668,5935,5935,267,'[''hpc_main_node_36'', ''hpc_main_node_13'', ''hpc_main_node_46'', ''hpc_main_node_28'', ''hpc_main_node_43'', ''hpc_main_node_19'']'
trace,5495,328,6,213.0,sim,0,5638,5966,5966,328,'[''hpc_main_node_32'', ''hpc_main_node_10'', ''hpc_main_node_49'', ''hpc_main_node_01'', ''hpc_main_node_34'', ''hpc_main_node_48'']'
trace,5523,267,6,216.0,sim,0,5818,6085,6085,267,'[''hpc_main_node_15'', ''hpc_main_node_40'', ''hpc_main_node_23'', ''hpc_main_node_16'', ''hpc_main_node_27'', ''hpc_main_node_41'']'
trace,5533,267,6,217.0,sim,0,5846,6113,6113,267,'[''hpc_main_node_03'', ''hpc_main_node_11'', ''hpc_main_node_17'', ''hpc_main_node_20'', ''hpc_main_node_29'', ''hpc_main_node_37'']'
trace,5562,267,3,220.0,sim,0,5877,6144,6144,267,'[''hpc_main_node_45'', ''hpc_main_node_47'', ''hpc_main_node_44'']'
trace,5571,267,2,221.0,sim,0,5877,6144,6144,267,'[''hpc_main_node_39'', ''hpc_main_node_02'']'
trace,5599,267,1,224.0,sim,0,5905,6172,6172,267,'[''hpc_main_node_26'']'
trace,5609,267,1,225.0,sim,0,5905,6172,6172,267,'[''hpc_main_node_35'']'
trace,5544,387,6,218.0,sim,0,5848,6235,6235,387,'[''hpc_main_node_22'', ''hpc_main_node_25'', ''hpc_main_node_06'', ''hpc_main_node_12'', ''hpc_main_node_05'', ''hpc_main_node_14'']'
trace,5581,447,1,222.0,sim,0,5877,6324,6324,447,'[''hpc_main_node_21'']'
trace,6477,240,6,226.0,sim,0,6477,6717,6717,240,'[''hpc_main_node_03'', ''hpc_main_node_11'', ''hpc_main_node_17'', ''hpc_main_node_20'', ''hpc_main_node_29'', ''hpc_main_node_37'']'
trace,6496,252,6,228.0,sim,0,6496,6748,6748,252,'[''hpc_main_node_45'', ''hpc_main_node_47'', ''hpc_main_node_44'', ''hpc_main_node_39'', ''hpc_main_node_02'', ''hpc_main_node_21'']'
trace,6506,300,6,229.0,sim,0,6506,6806,6806,300,'[''hpc_main_node_26'', ''hpc_main_node_35'', ''hpc_main_node_08'', ''hpc_main_node_31'', ''hpc_main_node_42'', ''hpc_main_node_09'']'
trace,6552,254,6,234.0,sim,0,6552,6806,6806,254,'[''hpc_main_node_36'', ''hpc_main_node_13'', ''hpc_main_node_46'', ''hpc_main_node_28'', ''hpc_main_node_43'', ''hpc_main_node_19'']'
trace,6515,321,6,230.0,sim,0,6515,6836,6836,321,'[''hpc_main_node_38'', ''hpc_main_node_18'', ''hpc_main_node_33'', ''hpc_main_node_04'', ''hpc_main_node_30'', ''hpc_main_node_07'']'
trace,6543,323,6,233.0,sim,0,6543,6866,6866,323,'[''hpc_main_node_22'', ''hpc_main_node_25'', ''hpc_main_node_06'', ''hpc_main_node_12'', ''hpc_main_node_05'', ''hpc_main_node_14'']'
trace,6571,326,6,236.0,sim,0,6571,6897,6897,326,'[''hpc_main_node_15'', ''hpc_main_node_40'', ''hpc_main_node_23'', ''hpc_main_node_16'', ''hpc_main_node_27'', ''hpc_main_node_41'']'
trace,6534,422,6,232.0,sim,0,6534,6956,6956,422,'[''hpc_main_node_32'', ''hpc_main_node_10'', ''hpc_main_node_49'', ''hpc_main_node_01'', ''hpc_main_node_34'', ''hpc_main_node_48'']'
trace,6580,267,6,237.0,sim,0,6717,6984,6984,267,'[''hpc_main_node_03'', ''hpc_main_node_11'', ''hpc_main_node_17'', ''hpc_main_node_20'', ''hpc_main_node_29'', ''hpc_main_node_37'']'
trace,6589,267,6,238.0,sim,0,6748,7015,7015,267,'[''hpc_main_node_45'', ''hpc_main_node_47'', ''hpc_main_node_44'', ''hpc_main_node_39'', ''hpc_main_node_02'', ''hpc_main_node_21'']'
trace,6609,268,6,240.0,sim,0,6806,7074,7074,268,'[''hpc_main_node_26'', ''hpc_main_node_35'', ''hpc_main_node_08'', ''hpc_main_node_31'', ''hpc_main_node_42'', ''hpc_main_node_09'']'
trace,6619,268,6,241.0,sim,0,6806,7074,7074,268,'[''hpc_main_node_36'', ''hpc_main_node_13'', ''hpc_main_node_46'', ''hpc_main_node_28'', ''hpc_main_node_43'', ''hpc_main_node_19'']'
trace,6628,268,6,242.0,sim,0,6836,7104,7104,268,'[''hpc_main_node_38'', ''hpc_main_node_18'', ''hpc_main_node_33'', ''hpc_main_node_04'', ''hpc_main_node_30'', ''hpc_main_node_07'']'
trace,6646,268,6,244.0,sim,0,6866,7134,7134,268,'[''hpc_main_node_22'', ''hpc_main_node_25'', ''hpc_main_node_06'', ''hpc_main_node_12'', ''hpc_main_node_05'', ''hpc_main_node_14'']'
trace,6666,267,6,246.0,sim,0,6956,7223,7223,267,'[''hpc_main_node_32'', ''hpc_main_node_10'', ''hpc_main_node_49'', ''hpc_main_node_01'', ''hpc_main_node_34'', ''hpc_main_node_48'']'
trace,6686,268,6,248.0,sim,0,6984,7252,7252,268,'[''hpc_main_node_03'', ''hpc_main_node_11'', ''hpc_main_node_17'', ''hpc_main_node_20'', ''hpc_main_node_29'', ''hpc_main_node_37'']'
trace,6704,267,2,250.0,sim,0,7015,7282,7282,267,'[''hpc_main_node_39'', ''hpc_main_node_02'']'
trace,6723,267,1,252.0,sim,0,7015,7282,7282,267,'[''hpc_main_node_21'']'
trace,6656,387,6,245.0,sim,0,6897,7284,7284,387,'[''hpc_main_node_15'', ''hpc_main_node_40'', ''hpc_main_node_23'', ''hpc_main_node_16'', ''hpc_main_node_27'', ''hpc_main_node_41'']'
trace,6732,267,1,253.0,sim,0,7074,7341,7341,267,'[''hpc_main_node_26'']'
trace,6741,267,1,254.0,sim,0,7074,7341,7341,267,'[''hpc_main_node_35'']'
trace,6695,387,3,249.0,sim,0,7015,7402,7402,387,'[''hpc_main_node_45'', ''hpc_main_node_47'', ''hpc_main_node_44'']'
trace,8477,308,6,256.0,sim,0,8477,8785,8785,308,'[''hpc_main_node_03'', ''hpc_main_node_11'', ''hpc_main_node_17'', ''hpc_main_node_20'', ''hpc_main_node_29'', ''hpc_main_node_37'']'
trace,8534,252,6,262.0,sim,0,8534,8786,8786,252,'[''hpc_main_node_22'', ''hpc_main_node_25'', ''hpc_main_node_06'', ''hpc_main_node_12'', ''hpc_main_node_05'', ''hpc_main_node_14'']'
trace,8487,328,6,257.0,sim,0,8487,8815,8815,328,'[''hpc_main_node_45'', ''hpc_main_node_47'', ''hpc_main_node_44'', ''hpc_main_node_39'', ''hpc_main_node_02'', ''hpc_main_node_21'']'
trace,8566,249,6,264.0,sim,0,8566,8815,8815,249,'[''hpc_main_node_36'', ''hpc_main_node_13'', ''hpc_main_node_46'', ''hpc_main_node_28'', ''hpc_main_node_43'', ''hpc_main_node_19'']'
trace,8525,320,6,261.0,sim,0,8525,8845,8845,320,'[''hpc_main_node_32'', ''hpc_main_node_10'', ''hpc_main_node_49'', ''hpc_main_node_01'', ''hpc_main_node_34'', ''hpc_main_node_48'']'
trace,8576,269,6,265.0,sim,0,8576,8845,8845,269,'[''hpc_main_node_15'', ''hpc_main_node_40'', ''hpc_main_node_23'', ''hpc_main_node_16'', ''hpc_main_node_27'', ''hpc_main_node_41'']'
trace,8496,379,6,258.0,sim,0,8496,8875,8875,379,'[''hpc_main_node_26'', ''hpc_main_node_35'', ''hpc_main_node_08'', ''hpc_main_node_31'', ''hpc_main_node_42'', ''hpc_main_node_09'']'
trace,8516,389,6,260.0,sim,0,8516,8905,8905,389,'[''hpc_main_node_38'', ''hpc_main_node_18'', ''hpc_main_node_33'', ''hpc_main_node_04'', ''hpc_main_node_30'', ''hpc_main_node_07'']'
trace,8586,267,6,266.0,sim,0,8785,9052,9052,267,'[''hpc_main_node_03'', ''hpc_main_node_11'', ''hpc_main_node_17'', ''hpc_main_node_20'', ''hpc_main_node_29'', ''hpc_main_node_37'']'
trace,8604,267,6,268.0,sim,0,8786,9053,9053,267,'[''hpc_main_node_22'', ''hpc_main_node_25'', ''hpc_main_node_06'', ''hpc_main_node_12'', ''hpc_main_node_05'', ''hpc_main_node_14'']'
trace,8614,267,6,269.0,sim,0,8815,9082,9082,267,'[''hpc_main_node_45'', ''hpc_main_node_47'', ''hpc_main_node_44'', ''hpc_main_node_39'', ''hpc_main_node_02'', ''hpc_main_node_21'']'
trace,8693,267,6,270.0,sim,0,8815,9082,9082,267,'[''hpc_main_node_36'', ''hpc_main_node_13'', ''hpc_main_node_46'', ''hpc_main_node_28'', ''hpc_main_node_43'', ''hpc_main_node_19'']'
trace,8711,267,6,272.0,sim,0,8845,9112,9112,267,'[''hpc_main_node_32'', ''hpc_main_node_10'', ''hpc_main_node_49'', ''hpc_main_node_01'', ''hpc_main_node_34'', ''hpc_main_node_48'']'
trace,8721,267,6,273.0,sim,0,8845,9112,9112,267,'[''hpc_main_node_15'', ''hpc_main_node_40'', ''hpc_main_node_23'', ''hpc_main_node_16'', ''hpc_main_node_27'', ''hpc_main_node_41'']'
trace,8730,267,6,274.0,sim,0,8875,9142,9142,267,'[''hpc_main_node_26'', ''hpc_main_node_35'', ''hpc_main_node_08'', ''hpc_main_node_31'', ''hpc_main_node_42'', ''hpc_main_node_09'']'
trace,8749,388,6,276.0,sim,0,8905,9293,9293,388,'[''hpc_main_node_38'', ''hpc_main_node_18'', ''hpc_main_node_33'', ''hpc_main_node_04'', ''hpc_main_node_30'', ''hpc_main_node_07'']'
trace,8796,267,1,281.0,sim,0,9053,9320,9320,267,'[''hpc_main_node_05'']'
trace,8769,268,3,278.0,sim,0,9053,9321,9321,268,'[''hpc_main_node_22'', ''hpc_main_node_25'', ''hpc_main_node_06'']'
trace,8787,268,1,280.0,sim,0,9053,9321,9321,268,'[''hpc_main_node_12'']'
trace,8759,329,6,277.0,sim,0,9052,9381,9381,329,'[''hpc_main_node_03'', ''hpc_main_node_11'', ''hpc_main_node_17'', ''hpc_main_node_20'', ''hpc_main_node_29'', ''hpc_main_node_37'']'
trace,8806,387,1,282.0,sim,0,9053,9440,9440,387,'[''hpc_main_node_14'']'
trace,10542,252,6,284.0,sim,0,10542,10794,10794,252,'[''hpc_main_node_03'', ''hpc_main_node_11'', ''hpc_main_node_17'', ''hpc_main_node_20'', ''hpc_main_node_29'', ''hpc_main_node_37'']'
trace,10551,303,6,285.0,sim,0,10551,10854,10854,303,'[''hpc_main_node_45'', ''hpc_main_node_47'', ''hpc_main_node_44'', ''hpc_main_node_39'', ''hpc_main_node_02'', ''hpc_main_node_21'']'
trace,10588,266,6,289.0,sim,0,10588,10854,10854,266,'[''hpc_main_node_32'', ''hpc_main_node_10'', ''hpc_main_node_49'', ''hpc_main_node_01'', ''hpc_main_node_34'', ''hpc_main_node_48'']'
trace,10597,257,6,290.0,sim,0,10597,10854,10854,257,'[''hpc_main_node_22'', ''hpc_main_node_25'', ''hpc_main_node_06'', ''hpc_main_node_12'', ''hpc_main_node_05'', ''hpc_main_node_14'']'
trace,10579,305,6,288.0,sim,0,10579,10884,10884,305,'[''hpc_main_node_38'', ''hpc_main_node_18'', ''hpc_main_node_33'', ''hpc_main_node_04'', ''hpc_main_node_30'', ''hpc_main_node_07'']'
trace,10616,268,6,292.0,sim,0,10616,10884,10884,268,'[''hpc_main_node_36'', ''hpc_main_node_13'', ''hpc_main_node_46'', ''hpc_main_node_28'', ''hpc_main_node_43'', ''hpc_main_node_19'']'
trace,10625,259,6,293.0,sim,0,10625,10884,10884,259,'[''hpc_main_node_15'', ''hpc_main_node_40'', ''hpc_main_node_23'', ''hpc_main_node_16'', ''hpc_main_node_27'', ''hpc_main_node_41'']'
trace,10560,444,6,286.0,sim,0,10560,11004,11004,444,'[''hpc_main_node_26'', ''hpc_main_node_35'', ''hpc_main_node_08'', ''hpc_main_node_31'', ''hpc_main_node_42'', ''hpc_main_node_09'']'
trace,10634,267,6,294.0,sim,0,10794,11061,11061,267,'[''hpc_main_node_03'', ''hpc_main_node_11'', ''hpc_main_node_17'', ''hpc_main_node_20'', ''hpc_main_node_29'', ''hpc_main_node_37'']'
trace,10671,266,6,298.0,sim,0,10854,11120,11120,266,'[''hpc_main_node_22'', ''hpc_main_node_25'', ''hpc_main_node_06'', ''hpc_main_node_12'', ''hpc_main_node_05'', ''hpc_main_node_14'']'
trace,10653,267,6,296.0,sim,0,10854,11121,11121,267,'[''hpc_main_node_45'', ''hpc_main_node_47'', ''hpc_main_node_44'', ''hpc_main_node_39'', ''hpc_main_node_02'', ''hpc_main_node_21'']'
trace,10662,267,6,297.0,sim,0,10854,11121,11121,267,'[''hpc_main_node_32'', ''hpc_main_node_10'', ''hpc_main_node_49'', ''hpc_main_node_01'', ''hpc_main_node_34'', ''hpc_main_node_48'']'
trace,10690,267,6,300.0,sim,0,10884,11151,11151,267,'[''hpc_main_node_38'', ''hpc_main_node_18'', ''hpc_main_node_33'', ''hpc_main_node_04'', ''hpc_main_node_30'', ''hpc_main_node_07'']'
trace,10699,267,6,301.0,sim,0,10884,11151,11151,267,'[''hpc_main_node_36'', ''hpc_main_node_13'', ''hpc_main_node_46'', ''hpc_main_node_28'', ''hpc_main_node_43'', ''hpc_main_node_19'']'
trace,10709,267,6,302.0,sim,0,10884,11151,11151,267,'[''hpc_main_node_15'', ''hpc_main_node_40'', ''hpc_main_node_23'', ''hpc_main_node_16'', ''hpc_main_node_27'', ''hpc_main_node_41'']'
trace,10736,327,6,305.0,sim,0,11061,11388,11388,327,'[''hpc_main_node_03'', ''hpc_main_node_11'', ''hpc_main_node_17'', ''hpc_main_node_20'', ''hpc_main_node_29'', ''hpc_main_node_37'']'
trace,10765,267,2,308.0,sim,0,11121,11388,11388,267,'[''hpc_main_node_45'', ''hpc_main_node_47'']'
trace,10774,267,1,309.0,sim,0,11121,11388,11388,267,'[''hpc_main_node_44'']'
trace,10784,267,1,310.0,sim,0,11121,11388,11388,267,'[''hpc_main_node_39'']'
trace,10802,267,1,312.0,sim,0,11121,11388,11388,267,'[''hpc_main_node_02'']'
trace,10727,444,6,304.0,sim,0,11004,11448,11448,444,'[''hpc_main_node_26'', ''hpc_main_node_35'', ''hpc_main_node_08'', ''hpc_main_node_31'', ''hpc_main_node_42'', ''hpc_main_node_09'']'
trace,10746,447,6,306.0,sim,0,11120,11567,11567,447,'[''hpc_main_node_22'', ''hpc_main_node_25'', ''hpc_main_node_06'', ''hpc_main_node_12'', ''hpc_main_node_05'', ''hpc_main_node_14'']'
trace,12529,244,6,313.0,sim,0,12529,12773,12773,244,'[''hpc_main_node_03'', ''hpc_main_node_11'', ''hpc_main_node_17'', ''hpc_main_node_20'', ''hpc_main_node_29'', ''hpc_main_node_37'']'
trace,12566,267,6,317.0,sim,0,12566,12833,12833,267,'[''hpc_main_node_38'', ''hpc_main_node_18'', ''hpc_main_node_33'', ''hpc_main_node_04'', ''hpc_main_node_30'', ''hpc_main_node_07'']'
trace,12538,324,6,314.0,sim,0,12538,12862,12862,324,'[''hpc_main_node_45'', ''hpc_main_node_47'', ''hpc_main_node_44'', ''hpc_main_node_39'', ''hpc_main_node_02'', ''hpc_main_node_21'']'
trace,12556,307,6,316.0,sim,0,12556,12863,12863,307,'[''hpc_main_node_26'', ''hpc_main_node_35'', ''hpc_main_node_08'', ''hpc_main_node_31'', ''hpc_main_node_42'', ''hpc_main_node_09'']'
trace,12603,260,6,321.0,sim,0,12603,12863,12863,260,'[''hpc_main_node_36'', ''hpc_main_node_13'', ''hpc_main_node_46'', ''hpc_main_node_28'', ''hpc_main_node_43'', ''hpc_main_node_19'']'
trace,12612,251,6,322.0,sim,0,12612,12863,12863,251,'[''hpc_main_node_15'', ''hpc_main_node_40'', ''hpc_main_node_23'', ''hpc_main_node_16'', ''hpc_main_node_27'', ''hpc_main_node_41'']'
trace,12575,378,6,318.0,sim,0,12575,12953,12953,378,'[''hpc_main_node_32'', ''hpc_main_node_10'', ''hpc_main_node_49'', ''hpc_main_node_01'', ''hpc_main_node_34'', ''hpc_main_node_48'']'
trace,12631,268,6,324.0,sim,0,12773,13041,13041,268,'[''hpc_main_node_03'', ''hpc_main_node_11'', ''hpc_main_node_17'', ''hpc_main_node_20'', ''hpc_main_node_29'', ''hpc_main_node_37'']'
trace,12594,449,6,320.0,sim,0,12594,13043,13043,449,'[''hpc_main_node_22'', ''hpc_main_node_25'', ''hpc_main_node_06'', ''hpc_main_node_12'', ''hpc_main_node_05'', ''hpc_main_node_14'']'
trace,12641,268,6,325.0,sim,0,12833,13101,13101,268,'[''hpc_main_node_38'', ''hpc_main_node_18'', ''hpc_main_node_33'', ''hpc_main_node_04'', ''hpc_main_node_30'', ''hpc_main_node_07'']'
trace,12650,267,6,326.0,sim,0,12862,13129,13129,267,'[''hpc_main_node_45'', ''hpc_main_node_47'', ''hpc_main_node_44'', ''hpc_main_node_39'', ''hpc_main_node_02'', ''hpc_main_node_21'']'
trace,12669,267,6,328.0,sim,0,12863,13130,13130,267,'[''hpc_main_node_26'', ''hpc_main_node_35'', ''hpc_main_node_08'', ''hpc_main_node_31'', ''hpc_main_node_42'', ''hpc_main_node_09'']'
trace,12678,267,6,329.0,sim,0,12863,13130,13130,267,'[''hpc_main_node_36'', ''hpc_main_node_13'', ''hpc_main_node_46'', ''hpc_main_node_28'', ''hpc_main_node_43'', ''hpc_main_node_19'']'
trace,12706,268,6,332.0,sim,0,12953,13221,13221,268,'[''hpc_main_node_32'', ''hpc_main_node_10'', ''hpc_main_node_49'', ''hpc_main_node_01'', ''hpc_main_node_34'', ''hpc_main_node_48'']'
trace,12687,387,6,330.0,sim,0,12863,13250,13250,387,'[''hpc_main_node_15'', ''hpc_main_node_40'', ''hpc_main_node_23'', ''hpc_main_node_16'', ''hpc_main_node_27'', ''hpc_main_node_41'']'
trace,12724,267,6,334.0,sim,0,13043,13310,13310,267,'[''hpc_main_node_22'', ''hpc_main_node_25'', ''hpc_main_node_06'', ''hpc_main_node_12'', ''hpc_main_node_05'', ''hpc_main_node_14'']'
trace,12715,327,6,333.0,sim,0,13041,13368,13368,327,'[''hpc_main_node_03'', ''hpc_main_node_11'', ''hpc_main_node_17'', ''hpc_main_node_20'', ''hpc_main_node_29'', ''hpc_main_node_37'']'
trace,12753,267,2,337.0,sim,0,13101,13368,13368,267,'[''hpc_main_node_04'', ''hpc_main_node_30'']'
trace,12762,267,1,338.0,sim,0,13101,13368,13368,267,'[''hpc_main_node_07'']'
trace,12781,267,1,340.0,sim,0,13129,13396,13396,267,'[''hpc_main_node_45'']'
trace,12789,267,1,341.0,sim,0,13129,13396,13396,267,'[''hpc_main_node_47'']'
trace,12743,447,3,336.0,sim,0,13101,13548,13548,447,'[''hpc_main_node_38'', ''hpc_main_node_18'', ''hpc_main_node_33'']'
trace,14517,265,6,342.0,sim,0,14517,14782,14782,265,'[''hpc_main_node_03'', ''hpc_main_node_11'', ''hpc_main_node_17'', ''hpc_main_node_20'', ''hpc_main_node_29'', ''hpc_main_node_37'']'
trace,14535,247,6,344.0,sim,0,14535,14782,14782,247,'[''hpc_main_node_45'', ''hpc_main_node_47'', ''hpc_main_node_44'', ''hpc_main_node_39'', ''hpc_main_node_02'', ''hpc_main_node_21'']'
trace,14574,267,6,348.0,sim,0,14574,14841,14841,267,'[''hpc_main_node_32'', ''hpc_main_node_10'', ''hpc_main_node_49'', ''hpc_main_node_01'', ''hpc_main_node_34'', ''hpc_main_node_48'']'
trace,14583,258,6,349.0,sim,0,14583,14841,14841,258,'[''hpc_main_node_22'', ''hpc_main_node_25'', ''hpc_main_node_06'', ''hpc_main_node_12'', ''hpc_main_node_05'', ''hpc_main_node_14'']'
trace,14592,249,6,350.0,sim,0,14592,14841,14841,249,'[''hpc_main_node_36'', ''hpc_main_node_13'', ''hpc_main_node_46'', ''hpc_main_node_28'', ''hpc_main_node_43'', ''hpc_main_node_19'']'
trace,14545,327,6,345.0,sim,0,14545,14872,14872,327,'[''hpc_main_node_26'', ''hpc_main_node_35'', ''hpc_main_node_08'', ''hpc_main_node_31'', ''hpc_main_node_42'', ''hpc_main_node_09'']'
trace,14554,378,6,346.0,sim,0,14554,14932,14932,378,'[''hpc_main_node_38'', ''hpc_main_node_18'', ''hpc_main_node_33'', ''hpc_main_node_04'', ''hpc_main_node_30'', ''hpc_main_node_07'']'
trace,14620,267,6,353.0,sim,0,14782,15049,15049,267,'[''hpc_main_node_03'', ''hpc_main_node_11'', ''hpc_main_node_17'', ''hpc_main_node_20'', ''hpc_main_node_29'', ''hpc_main_node_37'']'
trace,14611,440,6,352.0,sim,0,14611,15051,15051,440,'[''hpc_main_node_15'', ''hpc_main_node_40'', ''hpc_main_node_23'', ''hpc_main_node_16'', ''hpc_main_node_27'', ''hpc_main_node_41'']'
trace,14648,267,6,356.0,sim,0,14841,15108,15108,267,'[''hpc_main_node_32'', ''hpc_main_node_10'', ''hpc_main_node_49'', ''hpc_main_node_01'', ''hpc_main_node_34'', ''hpc_main_node_48'']'
trace,14629,327,6,354.0,sim,0,14782,15109,15109,327,'[''hpc_main_node_45'', ''hpc_main_node_47'', ''hpc_main_node_44'', ''hpc_main_node_39'', ''hpc_main_node_02'', ''hpc_main_node_21'']'
trace,14685,267,6,360.0,sim,0,14872,15139,15139,267,'[''hpc_main_node_26'', ''hpc_main_node_35'', ''hpc_main_node_08'', ''hpc_main_node_31'', ''hpc_main_node_42'', ''hpc_main_node_09'']'
trace,14695,267,6,361.0,sim,0,14932,15199,15199,267,'[''hpc_main_node_38'', ''hpc_main_node_18'', ''hpc_main_node_33'', ''hpc_main_node_04'', ''hpc_main_node_30'', ''hpc_main_node_07'']'
trace,14666,387,6,358.0,sim,0,14841,15228,15228,387,'[''hpc_main_node_36'', ''hpc_main_node_13'', ''hpc_main_node_46'', ''hpc_main_node_28'', ''hpc_main_node_43'', ''hpc_main_node_19'']'
trace,14657,447,6,357.0,sim,0,14841,15288,15288,447,'[''hpc_main_node_22'', ''hpc_main_node_25'', ''hpc_main_node_06'', ''hpc_main_node_12'', ''hpc_main_node_05'', ''hpc_main_node_14'']'
trace,14705,268,6,362.0,sim,0,15049,15317,15317,268,'[''hpc_main_node_03'', ''hpc_main_node_11'', ''hpc_main_node_17'', ''hpc_main_node_20'', ''hpc_main_node_29'', ''hpc_main_node_37'']'
trace,14724,268,6,364.0,sim,0,15051,15319,15319,268,'[''hpc_main_node_15'', ''hpc_main_node_40'', ''hpc_main_node_23'', ''hpc_main_node_16'', ''hpc_main_node_27'', ''hpc_main_node_41'']'
trace,14734,268,3,365.0,sim,0,15108,15376,15376,268,'[''hpc_main_node_32'', ''hpc_main_node_10'', ''hpc_main_node_49'']'
trace,14744,268,2,366.0,sim,0,15108,15376,15376,268,'[''hpc_main_node_01'', ''hpc_main_node_34'']'
trace,14766,268,1,368.0,sim,0,15108,15376,15376,268,'[''hpc_main_node_48'']'
trace,14775,267,1,369.0,sim,0,15109,15376,15376,267,'[''hpc_main_node_45'']'
trace,14784,267,1,370.0,sim,0,15109,15376,15376,267,'[''hpc_main_node_47'']'
trace,16525,266,6,372.0,sim,0,16525,16791,16791,266,'[''hpc_main_node_03'', ''hpc_main_node_11'', ''hpc_main_node_17'', ''hpc_main_node_20'', ''hpc_main_node_29'', ''hpc_main_node_37'']'
trace,16535,256,6,373.0,sim,0,16535,16791,16791,256,'[''hpc_main_node_45'', ''hpc_main_node_47'', ''hpc_main_node_44'', ''hpc_main_node_39'', ''hpc_main_node_02'', ''hpc_main_node_21'']'
trace,16545,305,6,374.0,sim,0,16545,16850,16850,305,'[''hpc_main_node_26'', ''hpc_main_node_35'', ''hpc_main_node_08'', ''hpc_main_node_31'', ''hpc_main_node_42'', ''hpc_main_node_09'']'
trace,16585,325,6,378.0,sim,0,16585,16910,16910,325,'[''hpc_main_node_22'', ''hpc_main_node_25'', ''hpc_main_node_06'', ''hpc_main_node_12'', ''hpc_main_node_05'', ''hpc_main_node_14'']'
trace,16604,306,6,380.0,sim,0,16604,16910,16910,306,'[''hpc_main_node_36'', ''hpc_main_node_13'', ''hpc_main_node_46'', ''hpc_main_node_28'', ''hpc_main_node_43'', ''hpc_main_node_19'']'
trace,16575,365,6,377.0,sim,0,16575,16940,16940,365,'[''hpc_main_node_32'', ''hpc_main_node_10'', ''hpc_main_node_49'', ''hpc_main_node_01'', ''hpc_main_node_34'', ''hpc_main_node_48'']'
trace,16613,327,6,381.0,sim,0,16613,16940,16940,327,'[''hpc_main_node_15'', ''hpc_main_node_40'', ''hpc_main_node_23'', ''hpc_main_node_16'', ''hpc_main_node_27'', ''hpc_main_node_41'']'
trace,16565,435,6,376.0,sim,0,16565,17000,17000,435,'[''hpc_main_node_38'', ''hpc_main_node_18'', ''hpc_main_node_33'', ''hpc_main_node_04'', ''hpc_main_node_30'', ''hpc_main_node_07'']'
trace,16623,267,6,382.0,sim,0,16791,17058,17058,267,'[''hpc_main_node_03'', ''hpc_main_node_11'', ''hpc_main_node_17'', ''hpc_main_node_20'', ''hpc_main_node_29'', ''hpc_main_node_37'']'
trace,16642,267,6,384.0,sim,0,16791,17058,17058,267,'[''hpc_main_node_45'', ''hpc_main_node_47'', ''hpc_main_node_44'', ''hpc_main_node_39'', ''hpc_main_node_02'', ''hpc_main_node_21'']'
trace,16652,268,6,385.0,sim,0,16850,17118,17118,268,'[''hpc_main_node_26'', ''hpc_main_node_35'', ''hpc_main_node_08'', ''hpc_main_node_31'', ''hpc_main_node_42'', ''hpc_main_node_09'']'
trace,16689,267,6,389.0,sim,0,16940,17207,17207,267,'[''hpc_main_node_32'', ''hpc_main_node_10'', ''hpc_main_node_49'', ''hpc_main_node_01'', ''hpc_main_node_34'', ''hpc_main_node_48'']'
trace,16699,267,6,390.0,sim,0,16940,17207,17207,267,'[''hpc_main_node_15'', ''hpc_main_node_40'', ''hpc_main_node_23'', ''hpc_main_node_16'', ''hpc_main_node_27'', ''hpc_main_node_41'']'
trace,16680,328,6,388.0,sim,0,16910,17238,17238,328,'[''hpc_main_node_36'', ''hpc_main_node_13'', ''hpc_main_node_46'', ''hpc_main_node_28'', ''hpc_main_node_43'', ''hpc_main_node_19'']'
trace,16661,388,6,386.0,sim,0,16910,17298,17298,388,'[''hpc_main_node_22'', ''hpc_main_node_25'', ''hpc_main_node_06'', ''hpc_main_node_12'', ''hpc_main_node_05'', ''hpc_main_node_14'']'
trace,16727,268,6,393.0,sim,0,17058,17326,17326,268,'[''hpc_main_node_03'', ''hpc_main_node_11'', ''hpc_main_node_17'', ''hpc_main_node_20'', ''hpc_main_node_29'', ''hpc_main_node_37'']'
trace,16756,268,1,396.0,sim,0,17058,17326,17326,268,'[''hpc_main_node_39'']'
trace,16765,268,1,397.0,sim,0,17058,17326,17326,268,'[''hpc_main_node_02'']'
trace,16774,268,1,398.0,sim,0,17058,17326,17326,268,'[''hpc_main_node_21'']'
trace,16718,328,6,392.0,sim,0,17000,17328,17328,328,'[''hpc_main_node_38'', ''hpc_main_node_18'', ''hpc_main_node_33'', ''hpc_main_node_04'', ''hpc_main_node_30'', ''hpc_main_node_07'']'
trace,16737,387,3,394.0,sim,0,17058,17445,17445,387,'[''hpc_main_node_45'', ''hpc_main_node_47'', ''hpc_main_node_44'']'
trace,18511,258,6,400.0,sim,0,18511,18769,18769,258,'[''hpc_main_node_03'', ''hpc_main_node_11'', ''hpc_main_node_17'', ''hpc_main_node_20'', ''hpc_main_node_29'', ''hpc_main_node_37'']'
trace,18521,248,6,401.0,sim,0,18521,18769,18769,248,'[''hpc_main_node_45'', ''hpc_main_node_47'', ''hpc_main_node_44'', ''hpc_main_node_39'', ''hpc_main_node_02'', ''hpc_main_node_21'']'
trace,18530,268,6,402.0,sim,0,18530,18798,18798,268,'[''hpc_main_node_26'', ''hpc_main_node_35'', ''hpc_main_node_08'', ''hpc_main_node_31'', ''hpc_main_node_42'', ''hpc_main_node_09'']'
trace,18569,260,6,406.0,sim,0,18569,18829,18829,260,'[''hpc_main_node_22'', ''hpc_main_node_25'', ''hpc_main_node_06'', ''hpc_main_node_12'', ''hpc_main_node_05'', ''hpc_main_node_14'']'
trace,18549,309,6,404.0,sim,0,18549,18858,18858,309,'[''hpc_main_node_38'', ''hpc_main_node_18'', ''hpc_main_node_33'', ''hpc_main_node_04'', ''hpc_main_node_30'', ''hpc_main_node_07'']'
trace,18587,302,6,408.0,sim,0,18587,18889,18889,302,'[''hpc_main_node_36'', ''hpc_main_node_13'', ''hpc_main_node_46'', ''hpc_main_node_28'', ''hpc_main_node_43'', ''hpc_main_node_19'']'
trace,18596,383,6,409.0,sim,0,18596,18979,18979,383,'[''hpc_main_node_15'', ''hpc_main_node_40'', ''hpc_main_node_23'', ''hpc_main_node_16'', ''hpc_main_node_27'', ''hpc_main_node_41'']'
trace,18559,449,6,405.0,sim,0,18559,19008,19008,449,'[''hpc_main_node_32'', ''hpc_main_node_10'', ''hpc_main_node_49'', ''hpc_main_node_01'', ''hpc_main_node_34'', ''hpc_main_node_48'']'
trace,18635,267,6,413.0,sim,0,18798,19065,19065,267,'[''hpc_main_node_26'', ''hpc_main_node_35'', ''hpc_main_node_08'', ''hpc_main_node_31'', ''hpc_main_node_42'', ''hpc_main_node_09'']'
trace,18606,327,6,410.0,sim,0,18769,19096,19096,327,'[''hpc_main_node_03'', ''hpc_main_node_11'', ''hpc_main_node_17'', ''hpc_main_node_20'', ''hpc_main_node_29'', ''hpc_main_node_37'']'
trace,18645,268,6,414.0,sim,0,18829,19097,19097,268,'[''hpc_main_node_22'', ''hpc_main_node_25'', ''hpc_main_node_06'', ''hpc_main_node_12'', ''hpc_main_node_05'', ''hpc_main_node_14'']'
trace,18664,268,6,416.0,sim,0,18858,19126,19126,268,'[''hpc_main_node_38'', ''hpc_main_node_18'', ''hpc_main_node_33'', ''hpc_main_node_04'', ''hpc_main_node_30'', ''hpc_main_node_07'']'
trace,18673,268,6,417.0,sim,0,18889,19157,19157,268,'[''hpc_main_node_36'', ''hpc_main_node_13'', ''hpc_main_node_46'', ''hpc_main_node_28'', ''hpc_main_node_43'', ''hpc_main_node_19'']'
trace,18626,447,6,412.0,sim,0,18769,19216,19216,447,'[''hpc_main_node_45'', ''hpc_main_node_47'', ''hpc_main_node_44'', ''hpc_main_node_39'', ''hpc_main_node_02'', ''hpc_main_node_21'']'
trace,18683,267,6,418.0,sim,0,18979,19246,19246,267,'[''hpc_main_node_15'', ''hpc_main_node_40'', ''hpc_main_node_23'', ''hpc_main_node_16'', ''hpc_main_node_27'', ''hpc_main_node_41'']'
trace,18701,268,6,420.0,sim,0,19008,19276,19276,268,'[''hpc_main_node_32'', ''hpc_main_node_10'', ''hpc_main_node_49'', ''hpc_main_node_01'', ''hpc_main_node_34'', ''hpc_main_node_48'']'
trace,18720,267,6,422.0,sim,0,19096,19363,19363,267,'[''hpc_main_node_03'', ''hpc_main_node_11'', ''hpc_main_node_17'', ''hpc_main_node_20'', ''hpc_main_node_29'', ''hpc_main_node_37'']'
trace,18739,267,2,424.0,sim,0,19097,19364,19364,267,'[''hpc_main_node_22'', ''hpc_main_node_25'']'
trace,18749,267,1,425.0,sim,0,19097,19364,19364,267,'[''hpc_main_node_06'']'
trace,18759,267,1,426.0,sim,0,19097,19364,19364,267,'[''hpc_main_node_12'']'
trace,18776,267,1,428.0,sim,0,19097,19364,19364,267,'[''hpc_main_node_05'']'
trace,18711,327,6,421.0,sim,0,19065,19392,19392,327,'[''hpc_main_node_26'', ''hpc_main_node_35'', ''hpc_main_node_08'', ''hpc_main_node_31'', ''hpc_main_node_42'', ''hpc_main_node_09'']'
trace,20504,243,6,429.0,sim,0,20504,20747,20747,243,'[''hpc_main_node_03'', ''hpc_main_node_11'', ''hpc_main_node_17'', ''hpc_main_node_20'', ''hpc_main_node_29'', ''hpc_main_node_37'']'
trace,20552,255,6,434.0,sim,0,20552,20807,20807,255,'[''hpc_main_node_32'', ''hpc_main_node_10'', ''hpc_main_node_49'', ''hpc_main_node_01'', ''hpc_main_node_34'', ''hpc_main_node_48'']'
trace,20514,323,6,430.0,sim,0,20514,20837,20837,323,'[''hpc_main_node_45'', ''hpc_main_node_47'', ''hpc_main_node_44'', ''hpc_main_node_39'', ''hpc_main_node_02'', ''hpc_main_node_21'']'
trace,20571,326,6,436.0,sim,0,20571,20897,20897,326,'[''hpc_main_node_22'', ''hpc_main_node_25'', ''hpc_main_node_06'', ''hpc_main_node_12'', ''hpc_main_node_05'', ''hpc_main_node_14'']'
trace,20589,309,6,438.0,sim,0,20589,20898,20898,309,'[''hpc_main_node_15'', ''hpc_main_node_40'', ''hpc_main_node_23'', ''hpc_main_node_16'', ''hpc_main_node_27'', ''hpc_main_node_41'']'
trace,20533,424,6,432.0,sim,0,20533,20957,20957,424,'[''hpc_main_node_26'', ''hpc_main_node_35'', ''hpc_main_node_08'', ''hpc_main_node_31'', ''hpc_main_node_42'', ''hpc_main_node_09'']'
trace,20580,377,6,437.0,sim,0,20580,20957,20957,377,'[''hpc_main_node_36'', ''hpc_main_node_13'', ''hpc_main_node_46'', ''hpc_main_node_28'', ''hpc_main_node_43'', ''hpc_main_node_19'']'
trace,20543,444,6,433.0,sim,0,20543,20987,20987,444,'[''hpc_main_node_38'', ''hpc_main_node_18'', ''hpc_main_node_33'', ''hpc_main_node_04'', ''hpc_main_node_30'', ''hpc_main_node_07'']'
trace,20608,267,6,440.0,sim,0,20747,21014,21014,267,'[''hpc_main_node_03'', ''hpc_main_node_11'', ''hpc_main_node_17'', ''hpc_main_node_20'', ''hpc_main_node_29'', ''hpc_main_node_37'']'
trace,20617,267,6,441.0,sim,0,20807,21074,21074,267,'[''hpc_main_node_32'', ''hpc_main_node_10'', ''hpc_main_node_49'', ''hpc_main_node_01'', ''hpc_main_node_34'', ''hpc_main_node_48'']'
trace,20626,267,6,442.0,sim,0,20837,21104,21104,267,'[''hpc_main_node_45'', ''hpc_main_node_47'', ''hpc_main_node_44'', ''hpc_main_node_39'', ''hpc_main_node_02'', ''hpc_main_node_21'']'
trace,20645,267,6,444.0,sim,0,20897,21164,21164,267,'[''hpc_main_node_22'', ''hpc_main_node_25'', ''hpc_main_node_06'', ''hpc_main_node_12'', ''hpc_main_node_05'', ''hpc_main_node_14'']'
trace,20654,267,6,445.0,sim,0,20898,21165,21165,267,'[''hpc_main_node_15'', ''hpc_main_node_40'', ''hpc_main_node_23'', ''hpc_main_node_16'', ''hpc_main_node_27'', ''hpc_main_node_41'']'
trace,20682,268,6,448.0,sim,0,20957,21225,21225,268,'[''hpc_main_node_36'', ''hpc_main_node_13'', ''hpc_main_node_46'', ''hpc_main_node_28'', ''hpc_main_node_43'', ''hpc_main_node_19'']'
trace,20691,268,6,449.0,sim,0,20987,21255,21255,268,'[''hpc_main_node_38'', ''hpc_main_node_18'', ''hpc_main_node_33'', ''hpc_main_node_04'', ''hpc_main_node_30'', ''hpc_main_node_07'']'
trace,20701,268,6,450.0,sim,0,21014,21282,21282,268,'[''hpc_main_node_03'', ''hpc_main_node_11'', ''hpc_main_node_17'', ''hpc_main_node_20'', ''hpc_main_node_29'', ''hpc_main_node_37'']'
trace,20720,268,3,452.0,sim,0,21074,21342,21342,268,'[''hpc_main_node_32'', ''hpc_main_node_10'', ''hpc_main_node_49'']'
trace,20730,268,2,453.0,sim,0,21074,21342,21342,268,'[''hpc_main_node_01'', ''hpc_main_node_34'']'
trace,20739,268,1,454.0,sim,0,21074,21342,21342,268,'[''hpc_main_node_48'']'
trace,20758,267,1,456.0,sim,0,21104,21371,21371,267,'[''hpc_main_node_45'']'
trace,20768,267,1,457.0,sim,0,21104,21371,21371,267,'[''hpc_main_node_47'']'
trace,20664,448,6,446.0,sim,0,20957,21405,21405,448,'[''hpc_main_node_26'', ''hpc_main_node_35'', ''hpc_main_node_08'', ''hpc_main_node_31'', ''hpc_main_node_42'', ''hpc_main_node_09'']'
trace,22496,260,6,458.0,sim,0,22496,22756,22756,260,'[''hpc_main_node_03'', ''hpc_main_node_11'', ''hpc_main_node_17'', ''hpc_main_node_20'', ''hpc_main_node_29'', ''hpc_main_node_37'']'
trace,22571,244,6,466.0,sim,0,22571,22815,22815,244,'[''hpc_main_node_36'', ''hpc_main_node_13'', ''hpc_main_node_46'', ''hpc_main_node_28'', ''hpc_main_node_43'', ''hpc_main_node_19'']'
trace,22514,302,6,460.0,sim,0,22514,22816,22816,302,'[''hpc_main_node_45'', ''hpc_main_node_47'', ''hpc_main_node_44'', ''hpc_main_node_39'', ''hpc_main_node_02'', ''hpc_main_node_21'']'
trace,22561,255,6,465.0,sim,0,22561,22816,22816,255,'[''hpc_main_node_22'', ''hpc_main_node_25'', ''hpc_main_node_06'', ''hpc_main_node_12'', ''hpc_main_node_05'', ''hpc_main_node_14'']'
trace,22589,256,6,468.0,sim,0,22589,22845,22845,256,'[''hpc_main_node_15'', ''hpc_main_node_40'', ''hpc_main_node_23'', ''hpc_main_node_16'', ''hpc_main_node_27'', ''hpc_main_node_41'']'
trace,22534,312,6,462.0,sim,0,22534,22846,22846,312,'[''hpc_main_node_38'', ''hpc_main_node_18'', ''hpc_main_node_33'', ''hpc_main_node_04'', ''hpc_main_node_30'', ''hpc_main_node_07'']'
trace,22552,324,6,464.0,sim,0,22552,22876,22876,324,'[''hpc_main_node_32'', ''hpc_main_node_10'', ''hpc_main_node_49'', ''hpc_main_node_01'', ''hpc_main_node_34'', ''hpc_main_node_48'']'
trace,22524,442,6,461.0,sim,0,22524,22966,22966,442,'[''hpc_main_node_26'', ''hpc_main_node_35'', ''hpc_main_node_08'', ''hpc_main_node_31'', ''hpc_main_node_42'', ''hpc_main_node_09'']'
trace,22599,267,6,469.0,sim,0,22756,23023,23023,267,'[''hpc_main_node_03'', ''hpc_main_node_11'', ''hpc_main_node_17'', ''hpc_main_node_20'', ''hpc_main_node_29'', ''hpc_main_node_37'']'
trace,22608,267,6,470.0,sim,0,22815,23082,23082,267,'[''hpc_main_node_36'', ''hpc_main_node_13'', ''hpc_main_node_46'', ''hpc_main_node_28'', ''hpc_main_node_43'', ''hpc_main_node_19'']'
trace,22626,267,6,472.0,sim,0,22816,23083,23083,267,'[''hpc_main_node_45'', ''hpc_main_node_47'', ''hpc_main_node_44'', ''hpc_main_node_39'', ''hpc_main_node_02'', ''hpc_main_node_21'']'
trace,22645,267,6,474.0,sim,0,22845,23112,23112,267,'[''hpc_main_node_15'', ''hpc_main_node_40'', ''hpc_main_node_23'', ''hpc_main_node_16'', ''hpc_main_node_27'', ''hpc_main_node_41'']'
trace,22664,267,6,476.0,sim,0,22846,23113,23113,267,'[''hpc_main_node_38'', ''hpc_main_node_18'', ''hpc_main_node_33'', ''hpc_main_node_04'', ''hpc_main_node_30'', ''hpc_main_node_07'']'
trace,22636,387,6,473.0,sim,0,22816,23203,23203,387,'[''hpc_main_node_22'', ''hpc_main_node_25'', ''hpc_main_node_06'', ''hpc_main_node_12'', ''hpc_main_node_05'', ''hpc_main_node_14'']'
trace,22673,387,6,477.0,sim,0,22876,23263,23263,387,'[''hpc_main_node_32'', ''hpc_main_node_10'', ''hpc_main_node_49'', ''hpc_main_node_01'', ''hpc_main_node_34'', ''hpc_main_node_48'']'
trace,22701,268,6,480.0,sim,0,23023,23291,23291,268,'[''hpc_main_node_03'', ''hpc_main_node_11'', ''hpc_main_node_17'', ''hpc_main_node_20'', ''hpc_main_node_29'', ''hpc_main_node_37'']'
trace,22682,327,6,478.0,sim,0,22966,23293,23293,327,'[''hpc_main_node_26'', ''hpc_main_node_35'', ''hpc_main_node_08'', ''hpc_main_node_31'', ''hpc_main_node_42'', ''hpc_main_node_09'']'
trace,22710,268,3,481.0,sim,0,23082,23350,23350,268,'[''hpc_main_node_36'', ''hpc_main_node_13'', ''hpc_main_node_46'']'
trace,22720,268,2,482.0,sim,0,23082,23350,23350,268,'[''hpc_main_node_28'', ''hpc_main_node_43'']'
trace,22739,268,1,484.0,sim,0,23082,23350,23350,268,'[''hpc_main_node_19'']'
trace,22748,268,1,485.0,sim,0,23083,23351,23351,268,'[''hpc_main_node_45'']'
trace,22757,268,1,486.0,sim,0,23083,23351,23351,268,'[''hpc_main_node_47'']'
trace,24524,240,6,490.0,sim,0,24524,24764,24764,240,'[''hpc_main_node_26'', ''hpc_main_node_35'', ''hpc_main_node_08'', ''hpc_main_node_31'', ''hpc_main_node_42'', ''hpc_main_node_09'']'
trace,24552,242,6,493.0,sim,0,24552,24794,24794,242,'[''hpc_main_node_32'', ''hpc_main_node_10'', ''hpc_main_node_49'', ''hpc_main_node_01'', ''hpc_main_node_34'', ''hpc_main_node_48'']'
trace,24506,319,6,488.0,sim,0,24506,24825,24825,319,'[''hpc_main_node_03'', ''hpc_main_node_11'', ''hpc_main_node_17'', ''hpc_main_node_20'', ''hpc_main_node_29'', ''hpc_main_node_37'']'
trace,24515,310,6,489.0,sim,0,24515,24825,24825,310,'[''hpc_main_node_45'', ''hpc_main_node_47'', ''hpc_main_node_44'', ''hpc_main_node_39'', ''hpc_main_node_02'', ''hpc_main_node_21'']'
trace,24543,311,6,492.0,sim,0,24543,24854,24854,311,'[''hpc_main_node_38'', ''hpc_main_node_18'', ''hpc_main_node_33'', ''hpc_main_node_04'', ''hpc_main_node_30'', ''hpc_main_node_07'']'
trace,24591,263,6,497.0,sim,0,24591,24854,24854,263,'[''hpc_main_node_15'', ''hpc_main_node_40'', ''hpc_main_node_23'', ''hpc_main_node_16'', ''hpc_main_node_27'', ''hpc_main_node_41'']'
trace,24561,323,6,494.0,sim,0,24561,24884,24884,323,'[''hpc_main_node_22'', ''hpc_main_node_25'', ''hpc_main_node_06'', ''hpc_main_node_12'', ''hpc_main_node_05'', ''hpc_main_node_14'']'
trace,24581,303,6,496.0,sim,0,24581,24884,24884,303,'[''hpc_main_node_36'', ''hpc_main_node_13'', ''hpc_main_node_46'', ''hpc_main_node_28'', ''hpc_main_node_43'', ''hpc_main_node_19'']'
trace,24619,267,6,500.0,sim,0,24794,25061,25061,267,'[''hpc_main_node_32'', ''hpc_main_node_10'', ''hpc_main_node_49'', ''hpc_main_node_01'', ''hpc_main_node_34'', ''hpc_main_node_48'']'
trace,24601,327,6,498.0,sim,0,24764,25091,25091,327,'[''hpc_main_node_26'', ''hpc_main_node_35'', ''hpc_main_node_08'', ''hpc_main_node_31'', ''hpc_main_node_42'', ''hpc_main_node_09'']'
trace,24629,268,6,501.0,sim,0,24825,25093,25093,268,'[''hpc_main_node_03'', ''hpc_main_node_11'', ''hpc_main_node_17'', ''hpc_main_node_20'', ''hpc_main_node_29'', ''hpc_main_node_37'']'
trace,24656,268,6,504.0,sim,0,24854,25122,25122,268,'[''hpc_main_node_38'', ''hpc_main_node_18'', ''hpc_main_node_33'', ''hpc_main_node_04'', ''hpc_main_node_30'', ''hpc_main_node_07'']'
trace,24666,268,6,505.0,sim,0,24854,25122,25122,268,'[''hpc_main_node_15'', ''hpc_main_node_40'', ''hpc_main_node_23'', ''hpc_main_node_16'', ''hpc_main_node_27'', ''hpc_main_node_41'']'
trace,24694,387,6,508.0,sim,0,24884,25271,25271,387,'[''hpc_main_node_36'', ''hpc_main_node_13'', ''hpc_main_node_46'', ''hpc_main_node_28'', ''hpc_main_node_43'', ''hpc_main_node_19'']'
trace,24675,388,6,506.0,sim,0,24884,25272,25272,388,'[''hpc_main_node_22'', ''hpc_main_node_25'', ''hpc_main_node_06'', ''hpc_main_node_12'', ''hpc_main_node_05'', ''hpc_main_node_14'']'
trace,24638,448,6,502.0,sim,0,24825,25273,25273,448,'[''hpc_main_node_45'', ''hpc_main_node_47'', ''hpc_main_node_44'', ''hpc_main_node_39'', ''hpc_main_node_02'', ''hpc_main_node_21'']'
trace,24713,268,2,510.0,sim,0,25061,25329,25329,268,'[''hpc_main_node_01'', ''hpc_main_node_34'']'
trace,24732,268,1,512.0,sim,0,25061,25329,25329,268,'[''hpc_main_node_48'']'
trace,24741,267,1,513.0,sim,0,25091,25358,25358,267,'[''hpc_main_node_26'']'
trace,24750,267,1,514.0,sim,0,25091,25358,25358,267,'[''hpc_main_node_35'']'
trace,24703,387,3,509.0,sim,0,25061,25448,25448,387,'[''hpc_main_node_32'', ''hpc_main_node_10'', ''hpc_main_node_49'']'
trace,26486,258,6,516.0,sim,0,26486,26744,26744,258,'[''hpc_main_node_03'', ''hpc_main_node_11'', ''hpc_main_node_17'', ''hpc_main_node_20'', ''hpc_main_node_29'', ''hpc_main_node_37'']'
trace,26506,267,6,518.0,sim,0,26506,26773,26773,267,'[''hpc_main_node_26'', ''hpc_main_node_35'', ''hpc_main_node_08'', ''hpc_main_node_31'', ''hpc_main_node_42'', ''hpc_main_node_09'']'
trace,26496,307,6,517.0,sim,0,26496,26803,26803,307,'[''hpc_main_node_45'', ''hpc_main_node_47'', ''hpc_main_node_44'', ''hpc_main_node_39'', ''hpc_main_node_02'', ''hpc_main_node_21'']'
trace,26534,269,6,521.0,sim,0,26534,26803,26803,269,'[''hpc_main_node_32'', ''hpc_main_node_10'', ''hpc_main_node_49'', ''hpc_main_node_01'', ''hpc_main_node_34'', ''hpc_main_node_48'']'
trace,26556,247,6,522.0,sim,0,26556,26803,26803,247,'[''hpc_main_node_22'', ''hpc_main_node_25'', ''hpc_main_node_06'', ''hpc_main_node_12'', ''hpc_main_node_05'', ''hpc_main_node_14'']'
trace,26524,309,6,520.0,sim,0,26524,26833,26833,309,'[''hpc_main_node_38'', ''hpc_main_node_18'', ''hpc_main_node_33'', ''hpc_main_node_04'', ''hpc_main_node_30'', ''hpc_main_node_07'']'
trace,26575,319,6,524.0,sim,0,26575,26894,26894,319,'[''hpc_main_node_36'', ''hpc_main_node_13'', ''hpc_main_node_46'', ''hpc_main_node_28'', ''hpc_main_node_43'', ''hpc_main_node_19'']'
trace,26584,369,6,525.0,sim,0,26584,26953,26953,369,'[''hpc_main_node_15'', ''hpc_main_node_40'', ''hpc_main_node_23'', ''hpc_main_node_16'', ''hpc_main_node_27'', ''hpc_main_node_41'']'
trace,26613,267,6,528.0,sim,0,26773,27040,27040,267,'[''hpc_main_node_26'', ''hpc_main_node_35'', ''hpc_main_node_08'', ''hpc_main_node_31'', ''hpc_main_node_42'', ''hpc_main_node_09'']'
trace,26622,267,6,529.0,sim,0,26803,27070,27070,267,'[''hpc_main_node_45'', ''hpc_main_node_47'', ''hpc_main_node_44'', ''hpc_main_node_39'', ''hpc_main_node_02'', ''hpc_main_node_21'']'
trace,26651,267,6,532.0,sim,0,26803,27070,27070,267,'[''hpc_main_node_22'', ''hpc_main_node_25'', ''hpc_main_node_06'', ''hpc_main_node_12'', ''hpc_main_node_05'', ''hpc_main_node_14'']'
trace,26594,328,6,526.0,sim,0,26744,27072,27072,328,'[''hpc_main_node_03'', ''hpc_main_node_11'', ''hpc_main_node_17'', ''hpc_main_node_20'', ''hpc_main_node_29'', ''hpc_main_node_37'']'
trace,26631,328,6,530.0,sim,0,26803,27131,27131,328,'[''hpc_main_node_32'', ''hpc_main_node_10'', ''hpc_main_node_49'', ''hpc_main_node_01'', ''hpc_main_node_34'', ''hpc_main_node_48'']'
trace,26660,327,6,533.0,sim,0,26833,27160,27160,327,'[''hpc_main_node_38'', ''hpc_main_node_18'', ''hpc_main_node_33'', ''hpc_main_node_04'', ''hpc_main_node_30'', ''hpc_main_node_07'']'
trace,26691,327,6,536.0,sim,0,26953,27280,27280,327,'[''hpc_main_node_15'', ''hpc_main_node_40'', ''hpc_main_node_23'', ''hpc_main_node_16'', ''hpc_main_node_27'', ''hpc_main_node_41'']'
trace,26671,387,6,534.0,sim,0,26894,27281,27281,387,'[''hpc_main_node_36'', ''hpc_main_node_13'', ''hpc_main_node_46'', ''hpc_main_node_28'', ''hpc_main_node_43'', ''hpc_main_node_19'']'
trace,26711,267,3,538.0,sim,0,27070,27337,27337,267,'[''hpc_main_node_45'', ''hpc_main_node_47'', ''hpc_main_node_44'']'
trace,26731,267,1,540.0,sim,0,27070,27337,27337,267,'[''hpc_main_node_39'']'
trace,26740,267,1,541.0,sim,0,27070,27337,27337,267,'[''hpc_main_node_02'']'
trace,26749,267,1,542.0,sim,0,27070,27337,27337,267,'[''hpc_main_node_21'']'
trace,26700,447,6,537.0,sim,0,27040,27487,27487,447,'[''hpc_main_node_26'', ''hpc_main_node_35'', ''hpc_main_node_08'', ''hpc_main_node_31'', ''hpc_main_node_42'', ''hpc_main_node_09'']'
trace,28494,258,6,545.0,sim,0,28494,28752,28752,258,'[''hpc_main_node_45'', ''hpc_main_node_47'', ''hpc_main_node_44'', ''hpc_main_node_39'', ''hpc_main_node_02'', ''hpc_main_node_21'']'
trace,28486,267,6,544.0,sim,0,28486,28753,28753,267,'[''hpc_main_node_03'', ''hpc_main_node_11'', ''hpc_main_node_17'', ''hpc_main_node_20'', ''hpc_main_node_29'', ''hpc_main_node_37'']'
trace,28524,258,6,548.0,sim,0,28524,28782,28782,258,'[''hpc_main_node_38'', ''hpc_main_node_18'', ''hpc_main_node_33'', ''hpc_main_node_04'', ''hpc_main_node_30'', ''hpc_main_node_07'']'
trace,28543,268,6,550.0,sim,0,28543,28811,28811,268,'[''hpc_main_node_22'', ''hpc_main_node_25'', ''hpc_main_node_06'', ''hpc_main_node_12'', ''hpc_main_node_05'', ''hpc_main_node_14'']'
trace,28505,307,6,546.0,sim,0,28505,28812,28812,307,'[''hpc_main_node_26'', ''hpc_main_node_35'', ''hpc_main_node_08'', ''hpc_main_node_31'', ''hpc_main_node_42'', ''hpc_main_node_09'']'
trace,28571,300,6,553.0,sim,0,28571,28871,28871,300,'[''hpc_main_node_15'', ''hpc_main_node_40'', ''hpc_main_node_23'', ''hpc_main_node_16'', ''hpc_main_node_27'', ''hpc_main_node_41'']'
trace,28561,370,6,552.0,sim,0,28561,28931,28931,370,'[''hpc_main_node_36'', ''hpc_main_node_13'', ''hpc_main_node_46'', ''hpc_main_node_28'', ''hpc_main_node_43'', ''hpc_main_node_19'']'
trace,28534,428,6,549.0,sim,0,28534,28962,28962,428,'[''hpc_main_node_32'', ''hpc_main_node_10'', ''hpc_main_node_49'', ''hpc_main_node_01'', ''hpc_main_node_34'', ''hpc_main_node_48'']'
trace,28600,268,6,556.0,sim,0,28753,29021,29021,268,'[''hpc_main_node_03'', ''hpc_main_node_11'', ''hpc_main_node_17'', ''hpc_main_node_20'', ''hpc_main_node_29'', ''hpc_main_node_37'']'
trace,28636,267,6,560.0,sim,0,28812,29079,29079,267,'[''hpc_main_node_26'', ''hpc_main_node_35'', ''hpc_main_node_08'', ''hpc_main_node_31'', ''hpc_main_node_42'', ''hpc_main_node_09'']'
trace,28609,327,6,557.0,sim,0,28782,29109,29109,327,'[''hpc_main_node_38'', ''hpc_main_node_18'', ''hpc_main_node_33'', ''hpc_main_node_04'', ''hpc_main_node_30'', ''hpc_main_node_07'']'
trace,28618,327,6,558.0,sim,0,28811,29138,29138,327,'[''hpc_main_node_22'', ''hpc_main_node_25'', ''hpc_main_node_06'', ''hpc_main_node_12'', ''hpc_main_node_05'', ''hpc_main_node_14'']'
trace,28646,267,6,561.0,sim,0,28871,29138,29138,267,'[''hpc_main_node_15'', ''hpc_main_node_40'', ''hpc_main_node_23'', ''hpc_main_node_16'', ''hpc_main_node_27'', ''hpc_main_node_41'']'
trace,28581,387,6,554.0,sim,0,28752,29139,29139,387,'[''hpc_main_node_45'', ''hpc_main_node_47'', ''hpc_main_node_44'', ''hpc_main_node_39'', ''hpc_main_node_02'', ''hpc_main_node_21'']'
trace,28655,267,6,562.0,sim,0,28931,29198,29198,267,'[''hpc_main_node_36'', ''hpc_main_node_13'', ''hpc_main_node_46'', ''hpc_main_node_28'', ''hpc_main_node_43'', ''hpc_main_node_19'']'
trace,28684,267,6,565.0,sim,0,29021,29288,29288,267,'[''hpc_main_node_03'', ''hpc_main_node_11'', ''hpc_main_node_17'', ''hpc_main_node_20'', ''hpc_main_node_29'', ''hpc_main_node_37'']'
trace,28674,327,6,564.0,sim,0,28962,29289,29289,327,'[''hpc_main_node_32'', ''hpc_main_node_10'', ''hpc_main_node_49'', ''hpc_main_node_01'', ''hpc_main_node_34'', ''hpc_main_node_48'']'
trace,28693,268,6,566.0,sim,0,29079,29347,29347,268,'[''hpc_main_node_26'', ''hpc_main_node_35'', ''hpc_main_node_08'', ''hpc_main_node_31'', ''hpc_main_node_42'', ''hpc_main_node_09'']'
trace,28713,268,2,568.0,sim,0,29109,29377,29377,268,'[''hpc_main_node_38'', ''hpc_main_node_18'']'
trace,28722,268,1,569.0,sim,0,29109,29377,29377,268,'[''hpc_main_node_33'']'
trace,28731,268,1,570.0,sim,0,29109,29377,29377,268,'[''hpc_main_node_04'']'
trace,28749,268,1,572.0,sim,0,29109,29377,29377,268,'[''hpc_main_node_30'']'
trace,30486,245,6,574.0,sim,0,30486,30731,30731,245,'[''hpc_main_node_45'', ''hpc_main_node_47'', ''hpc_main_node_44'', ''hpc_main_node_39'', ''hpc_main_node_02'', ''hpc_main_node_21'']'
trace,30476,256,6,573.0,sim,0,30476,30732,30732,256,'[''hpc_main_node_03'', ''hpc_main_node_11'', ''hpc_main_node_17'', ''hpc_main_node_20'', ''hpc_main_node_29'', ''hpc_main_node_37'']'
trace,30514,247,6,577.0,sim,0,30514,30761,30761,247,'[''hpc_main_node_38'', ''hpc_main_node_18'', ''hpc_main_node_33'', ''hpc_main_node_04'', ''hpc_main_node_30'', ''hpc_main_node_07'']'
trace,30523,268,6,578.0,sim,0,30523,30791,30791,268,'[''hpc_main_node_32'', ''hpc_main_node_10'', ''hpc_main_node_49'', ''hpc_main_node_01'', ''hpc_main_node_34'', ''hpc_main_node_48'']'
trace,30551,240,6,581.0,sim,0,30551,30791,30791,240,'[''hpc_main_node_36'', ''hpc_main_node_13'', ''hpc_main_node_46'', ''hpc_main_node_28'', ''hpc_main_node_43'', ''hpc_main_node_19'']'
trace,30561,320,6,582.0,sim,0,30561,30881,30881,320,'[''hpc_main_node_15'', ''hpc_main_node_40'', ''hpc_main_node_23'', ''hpc_main_node_16'', ''hpc_main_node_27'', ''hpc_main_node_41'']'
trace,30541,370,6,580.0,sim,0,30541,30911,30911,370,'[''hpc_main_node_22'', ''hpc_main_node_25'', ''hpc_main_node_06'', ''hpc_main_node_12'', ''hpc_main_node_05'', ''hpc_main_node_14'']'
trace,30504,437,6,576.0,sim,0,30504,30941,30941,437,'[''hpc_main_node_26'', ''hpc_main_node_35'', ''hpc_main_node_08'', ''hpc_main_node_31'', ''hpc_main_node_42'', ''hpc_main_node_09'']'
trace,30579,268,6,584.0,sim,0,30731,30999,30999,268,'[''hpc_main_node_45'', ''hpc_main_node_47'', ''hpc_main_node_44'', ''hpc_main_node_39'', ''hpc_main_node_02'', ''hpc_main_node_21'']'
trace,30589,268,6,585.0,sim,0,30732,31000,31000,268,'[''hpc_main_node_03'', ''hpc_main_node_11'', ''hpc_main_node_17'', ''hpc_main_node_20'', ''hpc_main_node_29'', ''hpc_main_node_37'']'
trace,30617,328,6,588.0,sim,0,30791,31119,31119,328,'[''hpc_main_node_32'', ''hpc_main_node_10'', ''hpc_main_node_49'', ''hpc_main_node_01'', ''hpc_main_node_34'', ''hpc_main_node_48'']'
trace,30637,267,6,590.0,sim,0,30881,31148,31148,267,'[''hpc_main_node_15'', ''hpc_main_node_40'', ''hpc_main_node_23'', ''hpc_main_node_16'', ''hpc_main_node_27'', ''hpc_main_node_41'']'
trace,30656,267,6,592.0,sim,0,30911,31178,31178,267,'[''hpc_main_node_22'', ''hpc_main_node_25'', ''hpc_main_node_06'', ''hpc_main_node_12'', ''hpc_main_node_05'', ''hpc_main_node_14'']'
trace,30666,267,6,593.0,sim,0,30941,31208,31208,267,'[''hpc_main_node_26'', ''hpc_main_node_35'', ''hpc_main_node_08'', ''hpc_main_node_31'', ''hpc_main_node_42'', ''hpc_main_node_09'']'
trace,30599,448,6,586.0,sim,0,30761,31209,31209,448,'[''hpc_main_node_38'', ''hpc_main_node_18'', ''hpc_main_node_33'', ''hpc_main_node_04'', ''hpc_main_node_30'', ''hpc_main_node_07'']'
trace,30626,448,6,589.0,sim,0,30791,31239,31239,448,'[''hpc_main_node_36'', ''hpc_main_node_13'', ''hpc_main_node_46'', ''hpc_main_node_28'', ''hpc_main_node_43'', ''hpc_main_node_19'']'
trace,30675,267,6,594.0,sim,0,30999,31266,31266,267,'[''hpc_main_node_45'', ''hpc_main_node_47'', ''hpc_main_node_44'', ''hpc_main_node_39'', ''hpc_main_node_02'', ''hpc_main_node_21'']'
trace,30694,267,3,596.0,sim,0,31000,31267,31267,267,'[''hpc_main_node_03'', ''hpc_main_node_11'', ''hpc_main_node_17'']'
trace,30704,267,2,597.0,sim,0,31000,31267,31267,267,'[''hpc_main_node_20'', ''hpc_main_node_29'']'
trace,30714,267,1,598.0,sim,0,31000,31267,31267,267,'[''hpc_main_node_37'']'
trace,30732,267,1,600.0,sim,0,31119,31386,31386,267,'[''hpc_main_node_32'']'
trace,30741,267,1,601.0,sim,0,31119,31386,31386,267,'[''hpc_main_node_10'']'
trace,0,32405,1,1.0,sim,0,0,32405,32405,32405,'[''hpc_main_node_24'']'
trace,32469,242,6,602.0,sim,0,32469,32711,32711,242,'[''hpc_main_node_24'', ''hpc_main_node_03'', ''hpc_main_node_11'', ''hpc_main_node_17'', ''hpc_main_node_20'', ''hpc_main_node_29'']'
trace,32497,243,6,605.0,sim,0,32497,32740,32740,243,'[''hpc_main_node_21'', ''hpc_main_node_26'', ''hpc_main_node_35'', ''hpc_main_node_08'', ''hpc_main_node_31'', ''hpc_main_node_42'']'
trace,32506,265,6,606.0,sim,0,32506,32771,32771,265,'[''hpc_main_node_09'', ''hpc_main_node_38'', ''hpc_main_node_18'', ''hpc_main_node_33'', ''hpc_main_node_04'', ''hpc_main_node_30'']'
trace,32526,245,6,608.0,sim,0,32526,32771,32771,245,'[''hpc_main_node_07'', ''hpc_main_node_32'', ''hpc_main_node_10'', ''hpc_main_node_49'', ''hpc_main_node_01'', ''hpc_main_node_34'']'
trace,32535,265,6,609.0,sim,0,32535,32800,32800,265,'[''hpc_main_node_48'', ''hpc_main_node_22'', ''hpc_main_node_25'', ''hpc_main_node_06'', ''hpc_main_node_12'', ''hpc_main_node_05'']'
trace,32544,256,6,610.0,sim,0,32544,32800,32800,256,'[''hpc_main_node_14'', ''hpc_main_node_36'', ''hpc_main_node_13'', ''hpc_main_node_46'', ''hpc_main_node_28'', ''hpc_main_node_43'']'
trace,32488,313,6,604.0,sim,0,32488,32801,32801,313,'[''hpc_main_node_37'', ''hpc_main_node_45'', ''hpc_main_node_47'', ''hpc_main_node_44'', ''hpc_main_node_39'', ''hpc_main_node_02'']'
trace,32572,378,6,612.0,sim,0,32572,32950,32950,378,'[''hpc_main_node_19'', ''hpc_main_node_15'', ''hpc_main_node_40'', ''hpc_main_node_23'', ''hpc_main_node_16'', ''hpc_main_node_27'']'
trace,32702,269,1,625.0,sim,0,32702,32971,32971,269,'[''hpc_main_node_41'']'
trace,32591,327,6,613.0,sim,0,32711,33038,33038,327,'[''hpc_main_node_24'', ''hpc_main_node_03'', ''hpc_main_node_11'', ''hpc_main_node_17'', ''hpc_main_node_20'', ''hpc_main_node_29'']'
trace,32600,327,6,614.0,sim,0,32740,33067,33067,327,'[''hpc_main_node_21'', ''hpc_main_node_26'', ''hpc_main_node_35'', ''hpc_main_node_08'', ''hpc_main_node_31'', ''hpc_main_node_42'']'
trace,32636,268,6,618.0,sim,0,32800,33068,33068,268,'[''hpc_main_node_48'', ''hpc_main_node_22'', ''hpc_main_node_25'', ''hpc_main_node_06'', ''hpc_main_node_12'', ''hpc_main_node_05'']'
trace,32665,268,6,621.0,sim,0,32801,33069,33069,268,'[''hpc_main_node_37'', ''hpc_main_node_45'', ''hpc_main_node_47'', ''hpc_main_node_44'', ''hpc_main_node_39'', ''hpc_main_node_02'']'
trace,32628,327,6,617.0,sim,0,32771,33098,33098,327,'[''hpc_main_node_07'', ''hpc_main_node_32'', ''hpc_main_node_10'', ''hpc_main_node_49'', ''hpc_main_node_01'', ''hpc_main_node_34'']'
trace,32655,388,6,620.0,sim,0,32800,33188,33188,388,'[''hpc_main_node_14'', ''hpc_main_node_36'', ''hpc_main_node_13'', ''hpc_main_node_46'', ''hpc_main_node_28'', ''hpc_main_node_43'']'
trace,32674,267,6,622.0,sim,0,32950,33217,33217,267,'[''hpc_main_node_19'', ''hpc_main_node_15'', ''hpc_main_node_40'', ''hpc_main_node_23'', ''hpc_main_node_16'', ''hpc_main_node_27'']'
trace,32619,447,6,616.0,sim,0,32771,33218,33218,447,'[''hpc_main_node_09'', ''hpc_main_node_38'', ''hpc_main_node_18'', ''hpc_main_node_33'', ''hpc_main_node_04'', ''hpc_main_node_30'']'
trace,32712,270,1,626.0,sim,0,32971,33241,33241,270,'[''hpc_main_node_41'']'
trace,32731,268,1,628.0,sim,0,33038,33306,33306,268,'[''hpc_main_node_11'']'
trace,32693,387,2,624.0,sim,0,33038,33425,33425,387,'[''hpc_main_node_24'', ''hpc_main_node_03'']'
