trace,arrival,lifespan,cores,jobid,sim,reruns,sim_start,est_end,end,lived,nodenames
trace,12,199,2,27_1,sim,0,12,211,211,199,bigdata_main_node_01
trace,12,199,2,27_2,sim,0,12,211,211,199,bigdata_main_node_01
trace,29,182,2,77_1,sim,0,29,211,211,182,bigdata_main_node_02
trace,29,182,2,77_2,sim,0,29,211,211,182,bigdata_main_node_02
trace,29,283,2,93_1,sim,0,29,312,312,283,bigdata_main_node_02
trace,29,283,2,93_2,sim,0,29,312,312,283,bigdata_main_node_02
trace,25,300,2,58_1,sim,0,25,325,325,300,bigdata_main_node_01
trace,25,301,2,58_2,sim,0,25,326,326,301,bigdata_main_node_01
trace,25,303,2,53_2,sim,0,25,328,328,303,bigdata_main_node_01
trace,25,304,2,53_1,sim,0,25,329,329,304,bigdata_main_node_01
trace,25,319,2,61_1,sim,0,25,344,344,319,bigdata_main_node_02
trace,26,318,2,61_2,sim,0,26,344,344,318,bigdata_main_node_02
trace,25,331,2,56_1,sim,0,25,356,356,331,bigdata_main_node_01
trace,25,331,2,56_2,sim,0,25,356,356,331,bigdata_main_node_01
trace,27,348,2,64_1,sim,0,27,375,375,348,bigdata_main_node_02
trace,29,354,2,98_1,sim,0,29,383,383,354,bigdata_main_node_02
trace,29,354,2,98_2,sim,0,29,383,383,354,bigdata_main_node_03
trace,130,283,2,407_1,sim,0,130,413,413,283,bigdata_main_node_05
trace,248,193,2,1009_2,sim,0,248,441,441,193,bigdata_main_node_01
trace,249,195,2,1009_1,sim,0,249,444,444,195,bigdata_main_node_01
trace,19,428,2,49_1,sim,0,19,447,447,428,bigdata_main_node_01
trace,19,428,2,49_2,sim,0,19,447,447,428,bigdata_main_node_01
trace,27,423,2,66_1,sim,0,27,450,450,423,bigdata_main_node_02
trace,29,447,2,101_1,sim,0,29,476,476,447,bigdata_main_node_03
trace,29,447,2,101_2,sim,0,29,476,476,447,bigdata_main_node_03
trace,95,410,2,168_1,sim,0,95,505,505,410,bigdata_main_node_03
trace,95,410,2,168_2,sim,0,95,505,505,410,bigdata_main_node_03
trace,15,491,2,47_1,sim,0,15,506,506,491,bigdata_main_node_01
trace,15,491,2,47_2,sim,0,15,506,506,491,bigdata_main_node_01
trace,274,277,2,1031_2,sim,0,274,551,551,277,bigdata_main_node_02
trace,274,278,2,1031_1,sim,0,274,552,552,278,bigdata_main_node_02
trace,95,462,2,171_1,sim,0,95,557,557,462,bigdata_main_node_03
trace,103,454,2,176_1,sim,0,103,557,557,454,bigdata_main_node_04
trace,103,454,2,176_2,sim,0,103,557,557,454,bigdata_main_node_04
trace,95,463,2,171_2,sim,0,95,558,558,463,bigdata_main_node_03
trace,29,548,2,103_1,sim,0,29,577,577,548,bigdata_main_node_03
trace,29,548,2,103_2,sim,0,29,577,577,548,bigdata_main_node_03
trace,105,502,2,184_1,sim,0,105,607,607,502,bigdata_main_node_04
trace,98,511,2,179_1,sim,0,98,609,609,511,bigdata_main_node_04
trace,27,585,2,69_1,sim,0,27,612,612,585,bigdata_main_node_02
trace,95,517,2,173_1,sim,0,95,612,612,517,bigdata_main_node_04
trace,95,517,2,173_2,sim,0,95,612,612,517,bigdata_main_node_04
trace,105,509,2,179_2,sim,0,105,614,614,509,bigdata_main_node_04
trace,88,540,2,165_1,sim,0,88,628,628,540,bigdata_main_node_03
trace,88,540,2,165_2,sim,0,88,628,628,540,bigdata_main_node_03
trace,402,233,2,1207_2,sim,0,402,635,635,233,bigdata_main_node_01
trace,402,234,2,1207_1,sim,0,402,636,636,234,bigdata_main_node_03
trace,105,534,2,187_1,sim,0,105,639,639,534,bigdata_main_node_04
trace,285,367,2,1046_1,sim,0,285,652,652,367,bigdata_main_node_05
trace,294,365,2,1054_2,sim,0,294,659,659,365,bigdata_main_node_05
trace,298,367,2,1054_1,sim,0,298,665,665,367,bigdata_main_node_06
trace,130,554,2,409_1,sim,0,130,684,684,554,bigdata_main_node_05
trace,130,561,2,417_1,sim,0,130,691,691,561,bigdata_main_node_05
trace,105,587,2,181_1,sim,0,105,692,692,587,bigdata_main_node_04
trace,105,589,2,181_2,sim,0,105,694,694,589,bigdata_main_node_04
trace,130,573,2,412_1,sim,0,130,703,703,573,bigdata_main_node_05
trace,524,190,2,1375_1,sim,0,524,714,714,190,bigdata_main_node_01
trace,529,190,2,1375_2,sim,0,529,719,719,190,bigdata_main_node_01
trace,105,631,2,189_1,sim,0,105,736,736,631,bigdata_main_node_04
trace,325,422,2,1078_2,sim,0,325,747,747,422,bigdata_main_node_01
trace,326,424,2,1078_1,sim,0,326,750,750,424,bigdata_main_node_01
trace,130,631,2,415_1,sim,0,130,761,761,631,bigdata_main_node_05
trace,482,293,2,1267_1,sim,0,482,775,775,293,bigdata_main_node_05
trace,27,749,2,72_1,sim,0,27,776,776,749,bigdata_main_node_02
trace,482,296,2,1267_2,sim,0,482,778,778,296,bigdata_main_node_03
trace,27,766,2,74_1,sim,0,27,793,793,766,bigdata_main_node_02
trace,330,499,2,1082_3,sim,0,330,829,829,499,bigdata_main_node_02
trace,329,502,2,1082_1,sim,0,329,831,831,502,bigdata_main_node_01
trace,330,501,2,1082_2,sim,0,330,831,831,501,bigdata_main_node_01
trace,101,734,2,192_1,sim,0,101,835,835,734,bigdata_main_node_04
trace,293,599,2,1057_1,sim,0,293,892,892,599,bigdata_main_node_05
trace,106,824,2,195_1,sim,0,106,930,930,824,bigdata_main_node_05
trace,283,655,2,1049_1,sim,0,283,938,938,655,bigdata_main_node_05
trace,106,850,2,197_1,sim,0,106,956,956,850,bigdata_main_node_05
trace,512,456,2,1325_1,sim,0,512,968,968,456,bigdata_main_node_03
trace,512,456,2,1325_2,sim,0,512,968,968,456,bigdata_main_node_03
trace,642,363,2,1530_1,sim,0,642,1005,1005,363,bigdata_main_node_02
trace,706,312,2,1577_1,sim,0,706,1018,1018,312,bigdata_main_node_05
trace,760,273,2,1636_1,sim,0,760,1033,1033,273,bigdata_main_node_03
trace,741,306,2,1609_1,sim,0,741,1047,1047,306,bigdata_main_node_01
trace,831,226,2,1668_4,sim,0,831,1057,1057,226,bigdata_main_node_02
trace,832,227,2,1673_1,sim,0,832,1059,1059,227,bigdata_main_node_03
trace,832,228,2,1668_1,sim,0,832,1060,1060,228,bigdata_main_node_01
trace,832,228,2,1668_2,sim,0,832,1060,1060,228,bigdata_main_node_01
trace,832,228,2,1668_3,sim,0,832,1060,1060,228,bigdata_main_node_03
trace,832,228,2,1673_3,sim,0,832,1060,1060,228,bigdata_main_node_03
trace,833,227,2,1673_2,sim,0,833,1060,1060,227,bigdata_main_node_03
trace,833,227,2,1673_4,sim,0,833,1060,1060,227,bigdata_main_node_06
trace,642,420,2,1532_1,sim,0,642,1062,1062,420,bigdata_main_node_02
trace,126,944,2,404_1,sim,0,126,1070,1070,944,bigdata_main_node_05
trace,752,326,2,1622_1,sim,0,752,1078,1078,326,bigdata_main_node_01
trace,850,232,2,1695_1,sim,0,850,1082,1082,232,bigdata_main_node_06
trace,779,312,2,1647_1,sim,0,779,1091,1091,312,bigdata_main_node_03
trace,519,579,2,1331_1,sim,0,519,1098,1098,579,bigdata_main_node_02
trace,519,580,2,1331_2,sim,0,519,1099,1099,580,bigdata_main_node_02
trace,519,603,2,1333_1,sim,0,519,1122,1122,603,bigdata_main_node_02
trace,519,604,2,1328_1,sim,0,519,1123,1123,604,bigdata_main_node_03
trace,519,604,2,1333_2,sim,0,519,1123,1123,604,bigdata_main_node_02
trace,642,511,2,1535_1,sim,0,642,1153,1153,511,bigdata_main_node_01
trace,754,406,2,1624_1,sim,0,754,1160,1160,406,bigdata_main_node_05
trace,643,533,2,1538_2,sim,0,643,1176,1176,533,bigdata_main_node_01
trace,642,536,2,1538_1,sim,0,642,1178,1178,536,bigdata_main_node_01
trace,753,456,2,1627_1,sim,0,753,1209,1209,456,bigdata_main_node_01
trace,643,580,2,1540_1,sim,0,643,1223,1223,580,bigdata_main_node_01
trace,643,580,2,1540_2,sim,0,643,1223,1223,580,bigdata_main_node_01
trace,664,589,2,1547_1,sim,0,664,1253,1253,589,bigdata_main_node_05
trace,664,589,2,1547_2,sim,0,664,1253,1253,589,bigdata_main_node_05
trace,519,756,2,1336_1,sim,0,519,1275,1275,756,bigdata_main_node_02
trace,519,757,2,1336_2,sim,0,519,1276,1276,757,bigdata_main_node_02
trace,753,540,2,1630_1,sim,0,753,1293,1293,540,bigdata_main_node_05
trace,1060,379,2,1957_2,sim,0,1060,1439,1439,379,bigdata_main_node_02
trace,1060,380,2,1957_1,sim,0,1060,1440,1440,380,bigdata_main_node_02
trace,1060,381,2,1957_3,sim,0,1060,1441,1441,381,bigdata_main_node_01
trace,1063,380,2,1957_4,sim,0,1063,1443,1443,380,bigdata_main_node_02
trace,1063,380,2,1959_1,sim,0,1063,1443,1443,380,bigdata_main_node_01
trace,1063,380,2,1959_2,sim,0,1063,1443,1443,380,bigdata_main_node_01
trace,1063,380,2,1959_3,sim,0,1063,1443,1443,380,bigdata_main_node_05
trace,1064,379,2,1973_3,sim,0,1064,1443,1443,379,bigdata_main_node_05
trace,1066,380,2,1962_2,sim,0,1066,1446,1446,380,bigdata_main_node_05
trace,1066,380,2,1975_2,sim,0,1066,1446,1446,380,bigdata_main_node_05
trace,1067,379,2,1962_3,sim,0,1067,1446,1446,379,bigdata_main_node_03
trace,1067,379,2,1962_4,sim,0,1067,1446,1446,379,bigdata_main_node_03
trace,1067,380,2,1962_1,sim,0,1067,1447,1447,380,bigdata_main_node_05
trace,1068,379,2,1959_4,sim,0,1068,1447,1447,379,bigdata_main_node_03
trace,1068,379,2,1965_1,sim,0,1068,1447,1447,379,bigdata_main_node_03
trace,1068,379,2,1965_3,sim,0,1068,1447,1447,379,bigdata_main_node_03
trace,1068,379,2,1965_4,sim,0,1068,1447,1447,379,bigdata_main_node_03
trace,1068,379,2,1967_1,sim,0,1068,1447,1447,379,bigdata_main_node_06
trace,1068,379,2,1967_2,sim,0,1068,1447,1447,379,bigdata_main_node_06
trace,1068,379,2,1967_3,sim,0,1068,1447,1447,379,bigdata_main_node_06
trace,1068,380,2,1965_2,sim,0,1068,1448,1448,380,bigdata_main_node_03
trace,1068,380,2,1967_4,sim,0,1068,1448,1448,380,bigdata_main_node_06
trace,1068,380,2,1970_1,sim,0,1068,1448,1448,380,bigdata_main_node_06
trace,1070,380,2,1970_2,sim,0,1070,1450,1450,380,bigdata_main_node_05
trace,1070,380,2,1970_3,sim,0,1070,1450,1450,380,bigdata_main_node_06
trace,1070,380,2,1970_4,sim,0,1070,1450,1450,380,bigdata_main_node_06
trace,1070,380,2,1973_1,sim,0,1070,1450,1450,380,bigdata_main_node_06
trace,1070,380,2,1973_2,sim,0,1070,1450,1450,380,bigdata_main_node_04
trace,1070,380,2,1975_1,sim,0,1070,1450,1450,380,bigdata_main_node_04
trace,1070,380,2,1981_2,sim,0,1070,1450,1450,380,bigdata_main_node_04
trace,1070,380,2,1981_3,sim,0,1070,1450,1450,380,bigdata_main_node_04
trace,1071,380,2,1973_4,sim,0,1071,1451,1451,380,bigdata_main_node_04
trace,1071,380,2,1975_3,sim,0,1071,1451,1451,380,bigdata_main_node_04
trace,1071,380,2,1975_4,sim,0,1071,1451,1451,380,bigdata_main_node_04
trace,1071,380,2,1978_1,sim,0,1071,1451,1451,380,bigdata_main_node_04
trace,1071,380,2,1978_2,sim,0,1071,1451,1451,380,bigdata_main_node_04
trace,1071,380,2,1978_3,sim,0,1071,1451,1451,380,bigdata_main_node_04
trace,1071,380,2,1978_4,sim,0,1071,1451,1451,380,bigdata_main_node_04
trace,1071,380,2,1981_1,sim,0,1071,1451,1451,380,bigdata_main_node_04
trace,1071,380,2,1981_4,sim,0,1071,1451,1451,380,bigdata_main_node_07
trace,1072,379,2,1983_1,sim,0,1072,1451,1451,379,bigdata_main_node_07
trace,1072,379,2,1983_2,sim,0,1072,1451,1451,379,bigdata_main_node_07
trace,1072,379,2,1983_4,sim,0,1072,1451,1451,379,bigdata_main_node_07
trace,1072,380,2,1983_3,sim,0,1072,1452,1452,380,bigdata_main_node_07
trace,1072,380,2,1986_1,sim,0,1072,1452,1452,380,bigdata_main_node_07
trace,1072,380,2,1986_4,sim,0,1072,1452,1452,380,bigdata_main_node_07
trace,1073,379,2,1989_1,sim,0,1073,1452,1452,379,bigdata_main_node_07
trace,1073,379,2,1989_3,sim,0,1073,1452,1452,379,bigdata_main_node_07
trace,1073,379,2,1991_1,sim,0,1073,1452,1452,379,bigdata_main_node_08
trace,1073,379,2,1991_3,sim,0,1073,1452,1452,379,bigdata_main_node_08
trace,1073,379,2,1991_4,sim,0,1073,1452,1452,379,bigdata_main_node_08
trace,1073,380,2,1986_2,sim,0,1073,1453,1453,380,bigdata_main_node_07
trace,1073,380,2,1986_3,sim,0,1073,1453,1453,380,bigdata_main_node_07
trace,1073,381,2,1989_2,sim,0,1073,1454,1454,381,bigdata_main_node_07
trace,1073,381,2,1989_4,sim,0,1073,1454,1454,381,bigdata_main_node_08
trace,1073,381,2,1991_2,sim,0,1073,1454,1454,381,bigdata_main_node_08
trace,1335,237,2,2612_1,sim,0,1335,1572,1572,237,bigdata_main_node_05
trace,1346,235,2,2634_1,sim,0,1346,1581,1581,235,bigdata_main_node_02
trace,1199,383,2,2237_1,sim,0,1199,1582,1582,383,bigdata_main_node_05
trace,1384,203,2,2693_1,sim,0,1384,1587,1587,203,bigdata_main_node_02
trace,1391,197,2,2712_2,sim,0,1391,1588,1588,197,bigdata_main_node_02
trace,1394,194,2,2750_1,sim,0,1394,1588,1588,194,bigdata_main_node_01
trace,1396,194,2,2750_2,sim,0,1396,1590,1590,194,bigdata_main_node_01
trace,1382,209,2,2693_2,sim,0,1382,1591,1591,209,bigdata_main_node_02
trace,1392,202,2,2712_1,sim,0,1392,1594,1594,202,bigdata_main_node_01
trace,1426,188,2,2839_2,sim,0,1426,1614,1614,188,bigdata_main_node_09
trace,1427,189,2,2839_1,sim,0,1427,1616,1616,189,bigdata_main_node_09
trace,1220,397,2,2334_1,sim,0,1220,1617,1617,397,bigdata_main_node_06
trace,1399,239,2,2757_2,sim,0,1399,1638,1638,239,bigdata_main_node_01
trace,1399,244,2,2757_1,sim,0,1399,1643,1643,244,bigdata_main_node_01
trace,1401,255,2,2767_2,sim,0,1401,1656,1656,255,bigdata_main_node_08
trace,1401,256,2,2767_1,sim,0,1401,1657,1657,256,bigdata_main_node_08
trace,810,848,2,1660_1,sim,0,810,1658,1658,848,bigdata_main_node_03
trace,1424,251,2,2835_1,sim,0,1424,1675,1675,251,bigdata_main_node_09
trace,1422,257,2,2835_2,sim,0,1422,1679,1679,257,bigdata_main_node_09
trace,1385,299,2,2698_1,sim,0,1385,1684,1684,299,bigdata_main_node_02
trace,1385,302,2,2698_2,sim,0,1385,1687,1687,302,bigdata_main_node_02
trace,1392,298,2,2739_1,sim,0,1392,1690,1690,298,bigdata_main_node_01
trace,1392,298,2,2739_2,sim,0,1392,1690,1690,298,bigdata_main_node_01
trace,1272,431,2,2428_1,sim,0,1272,1703,1703,431,bigdata_main_node_05
trace,1401,313,2,2770_1,sim,0,1401,1714,1714,313,bigdata_main_node_08
trace,1402,314,2,2770_2,sim,0,1402,1716,1716,314,bigdata_main_node_08
trace,1414,310,2,2819_1,sim,0,1414,1724,1724,310,bigdata_main_node_08
trace,1524,209,2,2949_2,sim,0,1524,1733,1733,209,bigdata_main_node_08
trace,1402,332,2,2773_1,sim,0,1402,1734,1734,332,bigdata_main_node_08
trace,1523,212,2,2949_1,sim,0,1523,1735,1735,212,bigdata_main_node_08
trace,1404,332,2,2773_2,sim,0,1404,1736,1736,332,bigdata_main_node_08
trace,1438,328,2,2856_1,sim,0,1438,1766,1766,328,bigdata_main_node_09
trace,1420,353,2,2822_1,sim,0,1420,1773,1773,353,bigdata_main_node_09
trace,1443,337,2,2862_1,sim,0,1443,1780,1780,337,bigdata_main_node_05
trace,1459,332,2,2878_1,sim,0,1459,1791,1791,332,bigdata_main_node_01
trace,1420,377,2,2825_1,sim,0,1420,1797,1797,377,bigdata_main_node_09
trace,1597,217,2,3086_1,sim,0,1597,1814,1814,217,bigdata_main_node_06
trace,1427,395,2,2845_1,sim,0,1427,1822,1822,395,bigdata_main_node_09
trace,1613,210,2,3100_2,sim,0,1613,1823,1823,210,bigdata_main_node_01
trace,1620,203,2,3102_1,sim,0,1620,1823,1823,203,bigdata_main_node_01
trace,1621,202,2,3102_2,sim,0,1621,1823,1823,202,bigdata_main_node_01
trace,1624,199,2,3105_2,sim,0,1624,1823,1823,199,bigdata_main_node_09
trace,1613,211,2,3100_1,sim,0,1613,1824,1824,211,bigdata_main_node_06
trace,1224,601,2,2337_1,sim,0,1224,1825,1825,601,bigdata_main_node_03
trace,1624,201,2,3105_1,sim,0,1624,1825,1825,201,bigdata_main_node_09
trace,1575,257,2,3018_1,sim,0,1575,1832,1832,257,bigdata_main_node_06
trace,1568,268,2,2999_1,sim,0,1568,1836,1836,268,bigdata_main_node_03
trace,1643,196,2,3133_1,sim,0,1643,1839,1839,196,bigdata_main_node_02
trace,1644,197,2,3133_2,sim,0,1644,1841,1841,197,bigdata_main_node_01
trace,1420,430,2,2827_1,sim,0,1420,1850,1850,430,bigdata_main_node_09
trace,1286,566,2,2464_1,sim,0,1286,1852,1852,566,bigdata_main_node_05
trace,1562,296,2,2983_1,sim,0,1562,1858,1858,296,bigdata_main_node_08
trace,1224,635,2,2339_1,sim,0,1224,1859,1859,635,bigdata_main_node_03
trace,1634,234,2,3121_1,sim,0,1634,1868,1868,234,bigdata_main_node_02
trace,1634,235,2,3121_2,sim,0,1634,1869,1869,235,bigdata_main_node_02
trace,1521,349,2,2932_1,sim,0,1521,1870,1870,349,bigdata_main_node_05
trace,1666,207,2,3185_1,sim,0,1666,1873,1873,207,bigdata_main_node_01
trace,1672,210,2,3185_2,sim,0,1672,1882,1882,210,bigdata_main_node_04
trace,1667,218,2,3178_1,sim,0,1667,1885,1885,218,bigdata_main_node_03
trace,1668,228,2,3178_2,sim,0,1668,1896,1896,228,bigdata_main_node_08
trace,638,1260,2,1527_1,sim,0,638,1898,1898,1260,bigdata_main_node_02
trace,1579,323,2,3043_1,sim,0,1579,1902,1902,323,bigdata_main_node_06
trace,1567,339,2,3002_1,sim,0,1567,1906,1906,339,bigdata_main_node_08
trace,1499,415,2,2915_1,sim,0,1499,1914,1914,415,bigdata_main_node_01
trace,1670,253,2,3169_1,sim,0,1670,1923,1923,253,bigdata_main_node_08
trace,1568,359,2,2986_1,sim,0,1568,1927,1927,359,bigdata_main_node_03
trace,1572,357,2,3005_1,sim,0,1572,1929,1929,357,bigdata_main_node_05
trace,1575,358,2,3021_1,sim,0,1575,1933,1933,358,bigdata_main_node_06
trace,1678,256,2,3198_1,sim,0,1678,1934,1934,256,bigdata_main_node_09
trace,1679,256,2,3198_2,sim,0,1679,1935,1935,256,bigdata_main_node_09
trace,1572,369,2,3007_1,sim,0,1572,1941,1941,369,bigdata_main_node_03
trace,1496,446,2,2913_1,sim,0,1496,1942,1942,446,bigdata_main_node_01
trace,1705,239,2,3241_1,sim,0,1705,1944,1944,239,bigdata_main_node_05
trace,1705,239,2,3241_2,sim,0,1705,1944,1944,239,bigdata_main_node_04
trace,1576,380,2,3023_1,sim,0,1576,1956,1956,380,bigdata_main_node_06
trace,1428,532,2,2847_1,sim,0,1428,1960,1960,532,bigdata_main_node_09
trace,1569,402,2,3010_1,sim,0,1569,1971,1971,402,bigdata_main_node_03
trace,1443,532,2,2859_1,sim,0,1443,1975,1975,532,bigdata_main_node_05
trace,1420,559,2,2830_1,sim,0,1420,1979,1979,559,bigdata_main_node_09
trace,1576,406,2,3026_1,sim,0,1576,1982,1982,406,bigdata_main_node_06
trace,1568,415,2,2989_1,sim,0,1568,1983,1983,415,bigdata_main_node_03
trace,1573,411,2,3013_1,sim,0,1573,1984,1984,411,bigdata_main_node_03
trace,1702,283,2,3235_1,sim,0,1702,1985,1985,283,bigdata_main_node_02
trace,1703,283,2,3235_2,sim,0,1703,1986,1986,283,bigdata_main_node_02
trace,1690,297,2,3214_1,sim,0,1690,1987,1987,297,bigdata_main_node_01
trace,1690,297,2,3214_2,sim,0,1690,1987,1987,297,bigdata_main_node_01
trace,1723,274,2,3302_1,sim,0,1723,1997,1997,274,bigdata_main_node_08
trace,1567,440,2,2991_1,sim,0,1567,2007,2007,440,bigdata_main_node_08
trace,1573,451,2,3015_1,sim,0,1573,2024,2024,451,bigdata_main_node_06
trace,1433,600,2,2851_1,sim,0,1433,2033,2033,600,bigdata_main_node_09
trace,1798,239,2,3375_1,sim,0,1798,2037,2037,239,bigdata_main_node_09
trace,1783,263,2,3358_1,sim,0,1783,2046,2046,263,bigdata_main_node_05
trace,1593,469,2,3073_1,sim,0,1593,2062,2062,469,bigdata_main_node_05
trace,1619,449,2,3110_1,sim,0,1619,2068,2068,449,bigdata_main_node_06
trace,1570,506,2,2994_1,sim,0,1570,2076,2076,506,bigdata_main_node_03
trace,1844,243,2,3411_1,sim,0,1844,2087,2087,243,bigdata_main_node_02
trace,1910,192,2,3465_2,sim,0,1910,2102,2102,192,bigdata_main_node_06
trace,1910,198,2,3465_1,sim,0,1910,2108,2108,198,bigdata_main_node_05
trace,1936,183,2,3516_2,sim,0,1936,2119,2119,183,bigdata_main_node_05
trace,1936,185,2,3516_1,sim,0,1936,2121,2121,185,bigdata_main_node_03
trace,1823,312,2,3406_1,sim,0,1823,2135,2135,312,bigdata_main_node_09
trace,1522,618,2,2935_1,sim,0,1522,2140,2140,618,bigdata_main_node_05
trace,1783,359,2,3361_1,sim,0,1783,2142,2142,359,bigdata_main_node_09
trace,1942,203,2,3524_2,sim,0,1942,2145,2145,203,bigdata_main_node_03
trace,1793,354,2,3366_1,sim,0,1793,2147,2147,354,bigdata_main_node_09
trace,1960,187,2,3580_1,sim,0,1960,2147,2147,187,bigdata_main_node_09
trace,1960,187,2,3580_2,sim,0,1960,2147,2147,187,bigdata_main_node_09
trace,1945,203,2,3524_1,sim,0,1945,2148,2148,203,bigdata_main_node_05
trace,1966,206,2,3594_1,sim,0,1966,2172,2172,206,bigdata_main_node_01
trace,1966,206,2,3594_2,sim,0,1966,2172,2172,206,bigdata_main_node_01
trace,1916,258,2,3483_1,sim,0,1916,2174,2174,258,bigdata_main_node_03
trace,1916,259,2,3483_2,sim,0,1916,2175,2175,259,bigdata_main_node_03
trace,1965,218,2,3584_2,sim,0,1965,2183,2183,218,bigdata_main_node_09
trace,1956,231,2,3567_1,sim,0,1956,2187,2187,231,bigdata_main_node_06
trace,1956,231,2,3567_2,sim,0,1956,2187,2187,231,bigdata_main_node_09
trace,1965,222,2,3584_1,sim,0,1965,2187,2187,222,bigdata_main_node_09
trace,1951,240,2,3544_1,sim,0,1951,2191,2191,240,bigdata_main_node_06
trace,1951,240,2,3544_2,sim,0,1951,2191,2191,240,bigdata_main_node_08
trace,1802,397,2,3377_1,sim,0,1802,2199,2199,397,bigdata_main_node_08
trace,2010,197,2,3646_1,sim,0,2010,2207,2207,197,bigdata_main_node_08
trace,1913,297,2,3476_2,sim,0,1913,2210,2210,297,bigdata_main_node_03
trace,1913,298,2,3476_1,sim,0,1913,2211,2211,298,bigdata_main_node_02
trace,1984,228,2,3615_1,sim,0,1984,2212,2212,228,bigdata_main_node_05
trace,1910,309,2,3471_1,sim,0,1910,2219,2219,309,bigdata_main_node_06
trace,1910,309,2,3471_2,sim,0,1910,2219,2219,309,bigdata_main_node_02
trace,1523,705,2,2938_1,sim,0,1523,2228,2228,705,bigdata_main_node_05
trace,1966,277,2,3592_1,sim,0,1966,2243,2243,277,bigdata_main_node_01
trace,2020,225,2,3662_1,sim,0,2020,2245,2245,225,bigdata_main_node_02
trace,2054,208,2,3727_1,sim,0,2054,2262,2262,208,bigdata_main_node_01
trace,2001,262,2,3640_1,sim,0,2001,2263,2263,262,bigdata_main_node_06
trace,2012,252,2,3649_1,sim,0,2012,2264,2264,252,bigdata_main_node_09
trace,1517,750,2,2940_1,sim,0,1517,2267,2267,750,bigdata_main_node_02
trace,1905,362,2,3473_2,sim,0,1905,2267,2267,362,bigdata_main_node_05
trace,1911,360,2,3473_1,sim,0,1911,2271,2271,360,bigdata_main_node_02
trace,1966,305,2,3586_1,sim,0,1966,2271,2271,305,bigdata_main_node_01
trace,1499,798,2,2918_1,sim,0,1499,2297,2297,798,bigdata_main_node_02
trace,1954,343,2,3554_1,sim,0,1954,2297,2297,343,bigdata_main_node_08
trace,1793,509,2,3369_1,sim,0,1793,2302,2302,509,bigdata_main_node_08
trace,2038,265,2,3703_1,sim,0,2038,2303,2303,265,bigdata_main_node_02
trace,1960,345,2,3577_1,sim,0,1960,2305,2305,345,bigdata_main_node_09
trace,2084,224,2,3750_1,sim,0,2084,2308,2308,224,bigdata_main_node_06
trace,2084,224,2,3750_2,sim,0,2084,2308,2308,224,bigdata_main_node_01
trace,2118,190,2,3783_1,sim,0,2118,2308,2308,190,bigdata_main_node_04
trace,2116,206,2,3798_1,sim,0,2116,2322,2322,206,bigdata_main_node_05
trace,1966,357,2,3589_1,sim,0,1966,2323,2323,357,bigdata_main_node_01
trace,2140,186,2,3836_1,sim,0,2140,2326,2326,186,bigdata_main_node_04
trace,2118,209,2,3815_1,sim,0,2118,2327,2327,209,bigdata_main_node_04
trace,2116,213,2,3803_1,sim,0,2116,2329,2329,213,bigdata_main_node_06
trace,2116,215,2,3789_1,sim,0,2116,2331,2331,215,bigdata_main_node_02
trace,1791,542,2,3364_1,sim,0,1791,2333,2333,542,bigdata_main_node_01
trace,1815,531,2,3382_1,sim,0,1815,2346,2346,531,bigdata_main_node_06
trace,2135,211,2,3842_1,sim,0,2135,2346,2346,211,bigdata_main_node_03
trace,2160,192,2,3863_1,sim,0,2160,2352,2352,192,bigdata_main_node_03
trace,297,2056,2,1052_1,sim,0,297,2353,2353,2056,bigdata_main_node_06
trace,297,2056,2,1052_3,sim,0,297,2353,2353,2056,bigdata_main_node_06
trace,2142,211,2,3854_1,sim,0,2142,2353,2353,211,bigdata_main_node_09
trace,300,2060,2,1052_2,sim,0,300,2360,2360,2060,bigdata_main_node_06
trace,1523,842,2,2943_1,sim,0,1523,2365,2365,842,bigdata_main_node_05
trace,1955,411,2,3557_1,sim,0,1955,2366,2366,411,bigdata_main_node_08
trace,2161,215,2,3905_1,sim,0,2161,2376,2376,215,bigdata_main_node_09
trace,2076,303,2,3745_1,sim,0,2076,2379,2379,303,bigdata_main_node_03
trace,2184,198,2,3918_1,sim,0,2184,2382,2382,198,bigdata_main_node_09
trace,1815,582,2,3385_1,sim,0,1815,2397,2397,582,bigdata_main_node_08
trace,2038,366,2,3706_1,sim,0,2038,2404,2404,366,bigdata_main_node_06
trace,2038,378,2,3708_1,sim,0,2038,2416,2416,378,bigdata_main_node_09
trace,1955,471,2,3559_1,sim,0,1955,2426,2426,471,bigdata_main_node_08
trace,2050,396,2,3716_1,sim,0,2050,2446,2446,396,bigdata_main_node_03
trace,2190,256,2,3935_1,sim,0,2190,2446,2446,256,bigdata_main_node_06
trace,2190,256,2,3935_2,sim,0,2190,2446,2446,256,bigdata_main_node_01
trace,2213,236,2,3957_1,sim,0,2213,2449,2449,236,bigdata_main_node_03
trace,2235,215,2,3981_1,sim,0,2235,2450,2450,215,bigdata_main_node_08
trace,2166,290,2,3888_1,sim,0,2166,2456,2456,290,bigdata_main_node_09
trace,2136,326,2,3822_1,sim,0,2136,2462,2462,326,bigdata_main_node_05
trace,2076,393,2,3747_1,sim,0,2076,2469,2469,393,bigdata_main_node_05
trace,2096,377,2,3775_1,sim,0,2096,2473,2473,377,bigdata_main_node_01
trace,2167,307,2,3899_1,sim,0,2167,2474,2474,307,bigdata_main_node_04
trace,1815,661,2,3387_1,sim,0,1815,2476,2476,661,bigdata_main_node_08
trace,2050,438,2,3719_1,sim,0,2050,2488,2488,438,bigdata_main_node_03
trace,2201,287,2,3942_3,sim,0,2201,2488,2488,287,bigdata_main_node_01
trace,2206,288,2,3942_2,sim,0,2206,2494,2494,288,bigdata_main_node_03
trace,2041,455,2,3711_1,sim,0,2041,2496,2496,455,bigdata_main_node_09
trace,2205,293,2,3942_1,sim,0,2205,2498,2498,293,bigdata_main_node_03
trace,2245,256,2,4000_3,sim,0,2245,2501,2501,256,bigdata_main_node_04
trace,2244,258,2,4000_1,sim,0,2244,2502,2502,258,bigdata_main_node_01
trace,2245,261,2,4000_2,sim,0,2245,2506,2506,261,bigdata_main_node_02
trace,2310,198,2,4086_1,sim,0,2310,2508,2508,198,bigdata_main_node_05
trace,1815,709,2,3390_1,sim,0,1815,2524,2524,709,bigdata_main_node_08
trace,2202,327,2,3939_1,sim,0,2202,2529,2529,327,bigdata_main_node_06
trace,2310,223,2,4083_1,sim,0,2310,2533,2533,223,bigdata_main_node_04
trace,2333,215,2,4115_1,sim,0,2333,2548,2548,215,bigdata_main_node_08
trace,2048,502,2,3714_1,sim,0,2048,2550,2550,502,bigdata_main_node_05
trace,2374,198,2,4216_1,sim,0,2374,2572,2572,198,bigdata_main_node_01
trace,2229,344,2,3979_1,sim,0,2229,2573,2573,344,bigdata_main_node_09
trace,2213,362,2,3959_1,sim,0,2213,2575,2575,362,bigdata_main_node_05
trace,1521,1060,2,2930_1,sim,0,1521,2581,2581,1060,bigdata_main_node_02
trace,2393,191,2,4249_1,sim,0,2393,2584,2584,191,bigdata_main_node_03
trace,2378,208,2,4221_1,sim,0,2378,2586,2586,208,bigdata_main_node_08
trace,2407,186,2,4268_1,sim,0,2407,2593,2593,186,bigdata_main_node_06
trace,2374,224,2,4226_1,sim,0,2374,2598,2598,224,bigdata_main_node_05
trace,2395,207,2,4254_1,sim,0,2395,2602,2602,207,bigdata_main_node_09
trace,2230,375,2,3984_1,sim,0,2230,2605,2605,375,bigdata_main_node_08
trace,2409,201,2,4277_1,sim,0,2409,2610,2610,201,bigdata_main_node_06
trace,2045,566,2,3722_1,sim,0,2045,2611,2611,566,bigdata_main_node_03
trace,2339,274,2,4128_1,sim,0,2339,2613,2613,274,bigdata_main_node_06
trace,2394,222,2,4259_1,sim,0,2394,2616,2616,222,bigdata_main_node_09
trace,2053,566,2,3724_1,sim,0,2053,2619,2619,566,bigdata_main_node_01
trace,2224,396,2,3963_1,sim,0,2224,2620,2620,396,bigdata_main_node_02
trace,2272,354,2,4038_1,sim,0,2272,2626,2626,354,bigdata_main_node_04
trace,2167,465,2,3890_1,sim,0,2167,2632,2632,465,bigdata_main_node_09
trace,1815,819,2,3393_1,sim,0,1815,2634,2634,819,bigdata_main_node_08
trace,2450,184,2,4341_1,sim,0,2450,2634,2634,184,bigdata_main_node_01
trace,2450,184,2,4347_1,sim,0,2450,2634,2634,184,bigdata_main_node_06
trace,2428,208,2,4313_1,sim,0,2428,2636,2636,208,bigdata_main_node_09
trace,1817,829,2,3395_1,sim,0,1817,2646,2646,829,bigdata_main_node_04
trace,2457,195,2,4371_1,sim,0,2457,2652,2652,195,bigdata_main_node_09
trace,2344,309,2,4148_1,sim,0,2344,2653,2653,309,bigdata_main_node_01
trace,2450,206,2,4353_1,sim,0,2450,2656,2656,206,bigdata_main_node_08
trace,2461,201,2,4376_1,sim,0,2461,2662,2662,201,bigdata_main_node_03
trace,2462,205,2,4382_1,sim,0,2462,2667,2667,205,bigdata_main_node_03
trace,2001,670,2,3643_1,sim,0,2001,2671,2671,670,bigdata_main_node_08
trace,2335,339,2,4131_1,sim,0,2335,2674,2674,339,bigdata_main_node_08
trace,2483,191,2,4418_1,sim,0,2483,2674,2674,191,bigdata_main_node_01
trace,2345,331,2,4150_1,sim,0,2345,2676,2676,331,bigdata_main_node_01
trace,2331,346,2,4117_1,sim,0,2331,2677,2677,346,bigdata_main_node_04
trace,2335,344,2,4133_1,sim,0,2335,2679,2679,344,bigdata_main_node_09
trace,2326,354,2,4108_1,sim,0,2326,2680,2680,354,bigdata_main_node_04
trace,2326,364,2,4111_1,sim,0,2326,2690,2690,364,bigdata_main_node_05
trace,2492,205,2,4439_1,sim,0,2492,2697,2697,205,bigdata_main_node_01
trace,2139,560,2,3824_1,sim,0,2139,2699,2699,560,bigdata_main_node_09
trace,2511,195,2,4475_1,sim,0,2511,2706,2706,195,bigdata_main_node_01
trace,2335,381,2,4136_1,sim,0,2335,2716,2716,381,bigdata_main_node_09
trace,2230,491,2,3966_1,sim,0,2230,2721,2721,491,bigdata_main_node_08
trace,2558,183,2,4537_1,sim,0,2558,2741,2741,183,bigdata_main_node_06
trace,2345,415,2,4153_1,sim,0,2345,2760,2760,415,bigdata_main_node_01
trace,2425,348,2,4305_1,sim,0,2425,2773,2773,348,bigdata_main_node_06
trace,2600,195,2,4610_1,sim,0,2600,2795,2795,195,bigdata_main_node_03
trace,2586,214,2,4591_1,sim,0,2586,2800,2800,214,bigdata_main_node_09
trace,2604,199,2,4603_1,sim,0,2604,2803,2803,199,bigdata_main_node_09
trace,2610,200,2,4628_1,sim,0,2610,2810,2810,200,bigdata_main_node_06
trace,2633,190,2,4653_1,sim,0,2633,2823,2823,190,bigdata_main_node_06
trace,2628,206,2,4646_1,sim,0,2628,2834,2834,206,bigdata_main_node_01
trace,2633,202,2,4659_1,sim,0,2633,2835,2835,202,bigdata_main_node_09
trace,2657,189,2,4692_1,sim,0,2657,2846,2846,189,bigdata_main_node_03
trace,2652,218,2,4674_1,sim,0,2652,2870,2870,218,bigdata_main_node_06
trace,2398,475,2,4265_1,sim,0,2398,2873,2873,475,bigdata_main_node_08
trace,2399,475,2,4265_3,sim,0,2399,2874,2874,475,bigdata_main_node_06
trace,2399,475,2,4265_4,sim,0,2399,2874,2874,475,bigdata_main_node_06
trace,2399,476,2,4265_2,sim,0,2399,2875,2875,476,bigdata_main_node_09
trace,2655,232,2,4684_1,sim,0,2655,2887,2887,232,bigdata_main_node_01
trace,2657,234,2,4697_1,sim,0,2657,2891,2891,234,bigdata_main_node_03
trace,2140,752,2,3827_1,sim,0,2140,2892,2892,752,bigdata_main_node_05
trace,2681,243,2,4738_1,sim,0,2681,2924,2924,243,bigdata_main_node_01
trace,2240,687,2,3987_1,sim,0,2240,2927,2927,687,bigdata_main_node_04
trace,2387,544,2,4233_1,sim,0,2387,2931,2931,544,bigdata_main_node_03
trace,2428,512,2,4309_1,sim,0,2428,2940,2940,512,bigdata_main_node_08
trace,2661,283,2,4705_1,sim,0,2661,2944,2944,283,bigdata_main_node_09
trace,2759,188,2,4878_1,sim,0,2759,2947,2947,188,bigdata_main_node_05
trace,2161,796,2,3860_1,sim,0,2161,2957,2957,796,bigdata_main_node_05
trace,2751,209,2,4862_1,sim,0,2751,2960,2960,209,bigdata_main_node_05
trace,2660,303,2,4708_1,sim,0,2660,2963,2963,303,bigdata_main_node_03
trace,2681,288,2,4743_1,sim,0,2681,2969,2969,288,bigdata_main_node_03
trace,2722,249,2,4780_1,sim,0,2722,2971,2971,249,bigdata_main_node_01
trace,2213,764,2,3954_1,sim,0,2213,2977,2977,764,bigdata_main_node_02
trace,2583,400,2,4574_1,sim,0,2583,2983,2983,400,bigdata_main_node_01
trace,2804,188,2,4924_1,sim,0,2804,2992,2992,188,bigdata_main_node_03
trace,2722,274,2,4785_1,sim,0,2722,2996,2996,274,bigdata_main_node_09
trace,2722,276,2,4812_1,sim,0,2722,2998,2998,276,bigdata_main_node_04
trace,2723,279,2,4804_1,sim,0,2723,3002,3002,279,bigdata_main_node_04
trace,2716,290,2,4790_1,sim,0,2716,3006,3006,290,bigdata_main_node_01
trace,2723,294,2,4806_1,sim,0,2723,3017,3017,294,bigdata_main_node_04
trace,2722,299,2,4793_1,sim,0,2722,3021,3021,299,bigdata_main_node_09
trace,2740,282,2,4831_1,sim,0,2740,3022,3022,282,bigdata_main_node_04
trace,2722,302,2,4796_1,sim,0,2722,3024,3024,302,bigdata_main_node_04
trace,2744,281,2,4837_1,sim,0,2744,3025,3025,281,bigdata_main_node_06
trace,2722,309,2,4798_1,sim,0,2722,3031,3031,309,bigdata_main_node_04
trace,2792,242,2,4916_1,sim,0,2792,3034,3034,242,bigdata_main_node_01
trace,2240,799,2,3989_1,sim,0,2240,3039,3039,799,bigdata_main_node_04
trace,2759,287,2,4883_1,sim,0,2759,3046,3046,287,bigdata_main_node_05
trace,2140,915,2,3830_1,sim,0,2140,3055,3055,915,bigdata_main_node_04
trace,2228,833,2,3968_1,sim,0,2228,3061,3061,833,bigdata_main_node_05
trace,2846,219,2,4952_1,sim,0,2846,3065,3065,219,bigdata_main_node_01
trace,2821,254,2,4935_1,sim,0,2821,3075,3075,254,bigdata_main_node_06
trace,2341,740,2,4140_1,sim,0,2341,3081,3081,740,bigdata_main_node_06
trace,2693,403,2,4767_1,sim,0,2693,3096,3096,403,bigdata_main_node_04
trace,2877,219,2,5004_1,sim,0,2877,3096,3096,219,bigdata_main_node_05
trace,2872,225,2,5020_1,sim,0,2872,3097,3097,225,bigdata_main_node_06
trace,2875,228,2,4999_1,sim,0,2875,3103,3103,228,bigdata_main_node_09
trace,2228,877,2,3971_1,sim,0,2228,3105,3105,877,bigdata_main_node_06
trace,2866,240,2,4973_1,sim,0,2866,3106,3106,240,bigdata_main_node_06
trace,2901,207,2,5081_1,sim,0,2901,3108,3108,207,bigdata_main_node_05
trace,1831,1280,2,3408_1,sim,0,1831,3111,3111,1280,bigdata_main_node_06
trace,1827,1286,2,3408_2,sim,0,1827,3113,3113,1286,bigdata_main_node_03
trace,2867,250,2,4978_1,sim,0,2867,3117,3117,250,bigdata_main_node_09
trace,2867,252,2,4983_1,sim,0,2867,3119,3119,252,bigdata_main_node_09
trace,2877,244,2,5025_1,sim,0,2877,3121,3121,244,bigdata_main_node_05
trace,2867,255,2,4989_1,sim,0,2867,3122,3122,255,bigdata_main_node_09
trace,2875,250,2,5009_1,sim,0,2875,3125,3125,250,bigdata_main_node_06
trace,2877,248,2,5036_1,sim,0,2877,3125,3125,248,bigdata_main_node_05
trace,2875,257,2,5015_1,sim,0,2875,3132,3132,257,bigdata_main_node_06
trace,2877,255,2,5031_1,sim,0,2877,3132,3132,255,bigdata_main_node_05
trace,2888,244,2,5056_1,sim,0,2888,3132,3132,244,bigdata_main_node_02
trace,2887,249,2,5062_1,sim,0,2887,3136,3136,249,bigdata_main_node_01
trace,2564,573,2,4559_1,sim,0,2564,3137,3137,573,bigdata_main_node_09
trace,2207,942,2,3944_1,sim,0,2207,3149,3149,942,bigdata_main_node_09
trace,2241,910,2,3992_1,sim,0,2241,3151,3151,910,bigdata_main_node_04
trace,2344,834,2,4142_1,sim,0,2344,3178,3178,834,bigdata_main_node_06
trace,2862,320,2,4994_1,sim,0,2862,3182,3182,320,bigdata_main_node_03
trace,2997,190,2,5172_1,sim,0,2997,3187,3187,190,bigdata_main_node_09
trace,2388,800,2,4238_1,sim,0,2388,3188,3188,800,bigdata_main_node_03
trace,2906,304,2,5092_1,sim,0,2906,3210,3210,304,bigdata_main_node_02
trace,2957,258,2,5139_1,sim,0,2957,3215,3215,258,bigdata_main_node_04
trace,2948,276,2,5126_1,sim,0,2948,3224,3224,276,bigdata_main_node_01
trace,2344,902,2,4145_1,sim,0,2344,3246,3246,902,bigdata_main_node_01
trace,2951,301,2,5136_1,sim,0,2951,3252,3252,301,bigdata_main_node_03
trace,2564,691,2,4561_1,sim,0,2564,3255,3255,691,bigdata_main_node_03
trace,2972,292,2,5149_1,sim,0,2972,3264,3264,292,bigdata_main_node_01
trace,2983,295,2,5169_1,sim,0,2983,3278,3278,295,bigdata_main_node_01
trace,3005,282,2,5184_1,sim,0,3005,3287,3287,282,bigdata_main_node_04
trace,3046,242,2,5226_1,sim,0,3046,3288,3288,242,bigdata_main_node_02
trace,2595,702,2,4596_1,sim,0,2595,3297,3297,702,bigdata_main_node_06
trace,2692,613,2,4759_1,sim,0,2692,3305,3305,613,bigdata_main_node_09
trace,2922,405,2,5107_1,sim,0,2922,3327,3327,405,bigdata_main_node_02
trace,2692,650,2,4761_1,sim,0,2692,3342,3342,650,bigdata_main_node_09
trace,3046,323,2,5229_1,sim,0,3046,3369,3369,323,bigdata_main_node_02
trace,2917,460,2,5102_1,sim,0,2917,3377,3377,460,bigdata_main_node_02
trace,3045,359,2,5231_1,sim,0,3045,3404,3404,359,bigdata_main_node_09
trace,2677,729,2,4749_1,sim,0,2677,3406,3406,729,bigdata_main_node_01
trace,2681,752,2,4747_1,sim,0,2681,3433,3433,752,bigdata_main_node_03
trace,2908,543,2,5094_1,sim,0,2908,3451,3451,543,bigdata_main_node_02
trace,3173,286,2,5388_1,sim,0,3173,3459,3459,286,bigdata_main_node_02
trace,2644,827,2,4671_1,sim,0,2644,3471,3471,827,bigdata_main_node_01
trace,3039,439,2,5223_1,sim,0,3039,3478,3478,439,bigdata_main_node_06
trace,3210,270,2,5438_1,sim,0,3210,3480,3480,270,bigdata_main_node_01
trace,2692,792,2,4764_1,sim,0,2692,3484,3484,792,bigdata_main_node_09
trace,2897,594,2,5079_1,sim,0,2897,3491,3491,594,bigdata_main_node_03
trace,2997,504,2,5178_1,sim,0,2997,3501,3501,504,bigdata_main_node_09
trace,3045,482,2,5234_1,sim,0,3045,3527,3527,482,bigdata_main_node_01
trace,2922,617,2,5110_1,sim,0,2922,3539,3539,617,bigdata_main_node_02
trace,1820,1727,2,3398_1,sim,0,1820,3547,3547,1727,bigdata_main_node_04
trace,3298,290,2,5486_1,sim,0,3298,3588,3588,290,bigdata_main_node_01
trace,3045,549,2,5237_1,sim,0,3045,3594,3594,549,bigdata_main_node_01
trace,3191,403,2,5406_1,sim,0,3191,3594,3594,403,bigdata_main_node_01
trace,3048,557,2,5246_1,sim,0,3048,3605,3605,557,bigdata_main_node_02
trace,3383,256,2,5553_2,sim,0,3383,3639,3639,256,bigdata_main_node_02
trace,3384,255,2,5553_1,sim,0,3384,3639,3639,255,bigdata_main_node_03
trace,3384,255,2,5553_4,sim,0,3384,3639,3639,255,bigdata_main_node_03
trace,3384,257,2,5553_3,sim,0,3384,3641,3641,257,bigdata_main_node_03
trace,801,2851,2,1655_1,sim,0,801,3652,3652,2851,bigdata_main_node_02
trace,3336,353,2,5510_4,sim,0,3336,3689,3689,353,bigdata_main_node_03
trace,3336,354,2,5510_1,sim,0,3336,3690,3690,354,bigdata_main_node_02
trace,3336,354,2,5510_2,sim,0,3336,3690,3690,354,bigdata_main_node_02
trace,3336,354,2,5510_3,sim,0,3336,3690,3690,354,bigdata_main_node_03
trace,3453,251,2,5638_1,sim,0,3453,3704,3704,251,bigdata_main_node_01
trace,3466,284,2,5647_1,sim,0,3466,3750,3750,284,bigdata_main_node_03
trace,3591,204,2,5728_1,sim,0,3591,3795,3795,204,bigdata_main_node_01
trace,3618,210,2,5739_1,sim,0,3618,3828,3828,210,bigdata_main_node_01
trace,3663,223,2,5790_1,sim,0,3663,3886,3886,223,bigdata_main_node_01
trace,3692,211,2,5837_1,sim,0,3692,3903,3903,211,bigdata_main_node_03
trace,3506,474,2,5676_1,sim,0,3506,3980,3980,474,bigdata_main_node_03
trace,3751,283,2,5889_1,sim,0,3751,4034,4034,283,bigdata_main_node_03
trace,3376,664,2,5543_1,sim,0,3376,4040,4040,664,bigdata_main_node_02
trace,3376,664,2,5543_2,sim,0,3376,4040,4040,664,bigdata_main_node_03
trace,3841,199,2,5969_1,sim,0,3841,4040,4040,199,bigdata_main_node_02
trace,3376,665,2,5543_3,sim,0,3376,4041,4041,665,bigdata_main_node_03
trace,3376,665,2,5543_4,sim,0,3376,4041,4041,665,bigdata_main_node_03
trace,3820,226,2,5933_1,sim,0,3820,4046,4046,226,bigdata_main_node_01
trace,3825,227,2,5944_1,sim,0,3825,4052,4052,227,bigdata_main_node_02
trace,3852,235,2,5977_1,sim,0,3852,4087,4087,235,bigdata_main_node_02
trace,3838,255,2,5960_1,sim,0,3838,4093,4093,255,bigdata_main_node_01
trace,3278,850,2,5474_3,sim,0,3278,4128,4128,850,bigdata_main_node_02
trace,3283,850,2,5474_1,sim,0,3283,4133,4133,850,bigdata_main_node_01
trace,3283,850,2,5474_2,sim,0,3283,4133,4133,850,bigdata_main_node_01
trace,3284,849,2,5474_4,sim,0,3284,4133,4133,849,bigdata_main_node_01
trace,3872,286,2,5992_1,sim,0,3872,4158,4158,286,bigdata_main_node_02
trace,3838,326,2,5966_1,sim,0,3838,4164,4164,326,bigdata_main_node_02
trace,3977,272,2,6085_1,sim,0,3977,4249,4249,272,bigdata_main_node_05
trace,3884,374,2,6001_1,sim,0,3884,4258,4258,374,bigdata_main_node_02
trace,4002,261,2,6106_1,sim,0,4002,4263,4263,261,bigdata_main_node_03
trace,4047,217,2,6149_1,sim,0,4047,4264,4264,217,bigdata_main_node_01
trace,4047,217,2,6149_2,sim,0,4047,4264,4264,217,bigdata_main_node_03
trace,4047,217,2,6149_3,sim,0,4047,4264,4264,217,bigdata_main_node_05
trace,4047,218,2,6149_4,sim,0,4047,4265,4265,218,bigdata_main_node_05
trace,3906,383,2,6016_1,sim,0,3906,4289,4289,383,bigdata_main_node_01
trace,4019,274,2,6123_1,sim,0,4019,4293,4293,274,bigdata_main_node_05
trace,3931,377,2,6042_1,sim,0,3931,4308,4308,377,bigdata_main_node_03
trace,3708,632,2,5845_1,sim,0,3708,4340,4340,632,bigdata_main_node_03
trace,3708,632,2,5845_2,sim,0,3708,4340,4340,632,bigdata_main_node_03
trace,4169,191,2,6233_1,sim,0,4169,4360,4360,191,bigdata_main_node_01
trace,3961,402,2,6075_1,sim,0,3961,4363,4363,402,bigdata_main_node_05
trace,3962,401,2,6075_3,sim,0,3962,4363,4363,401,bigdata_main_node_05
trace,3962,401,2,6075_4,sim,0,3962,4363,4363,401,bigdata_main_node_05
trace,3961,403,2,6075_2,sim,0,3961,4364,4364,403,bigdata_main_node_05
trace,4182,241,2,6238_1,sim,0,4182,4423,4423,241,bigdata_main_node_01
trace,4133,294,2,6205_1,sim,0,4133,4427,4427,294,bigdata_main_node_05
trace,3965,464,2,6078_1,sim,0,3965,4429,4429,464,bigdata_main_node_05
trace,4292,207,2,6406_1,sim,0,4292,4499,4499,207,bigdata_main_node_01
trace,4295,240,2,6411_1,sim,0,4295,4535,4535,240,bigdata_main_node_01
trace,4367,198,2,6463_1,sim,0,4367,4565,4565,198,bigdata_main_node_01
trace,4333,233,2,6439_1,sim,0,4333,4566,4566,233,bigdata_main_node_03
trace,3706,872,2,5848_2,sim,0,3706,4578,4578,872,bigdata_main_node_01
trace,3712,872,2,5848_1,sim,0,3712,4584,4584,872,bigdata_main_node_03
trace,4385,205,2,6503_1,sim,0,4385,4590,4590,205,bigdata_main_node_02
trace,4380,221,2,6493_1,sim,0,4380,4601,4601,221,bigdata_main_node_02
trace,4398,205,2,6513_1,sim,0,4398,4603,4603,205,bigdata_main_node_02
trace,4375,230,2,6484_1,sim,0,4375,4605,4605,230,bigdata_main_node_03
trace,4414,200,2,6538_1,sim,0,4414,4614,4614,200,bigdata_main_node_02
trace,4367,257,2,6469_1,sim,0,4367,4624,4624,257,bigdata_main_node_03
trace,4420,218,2,6558_1,sim,0,4420,4638,4638,218,bigdata_main_node_02
trace,4035,610,2,6139_1,sim,0,4035,4645,4645,610,bigdata_main_node_03
trace,4414,264,2,6543_1,sim,0,4414,4678,4678,264,bigdata_main_node_02
trace,4465,250,2,6593_1,sim,0,4465,4715,4715,250,bigdata_main_node_05
trace,4480,254,2,6600_1,sim,0,4480,4734,4734,254,bigdata_main_node_05
trace,4449,319,2,6583_1,sim,0,4449,4768,4768,319,bigdata_main_node_05
trace,4192,578,2,6247_2,sim,0,4192,4770,4770,578,bigdata_main_node_01
trace,4192,580,2,6247_1,sim,0,4192,4772,4772,580,bigdata_main_node_01
trace,4040,737,2,6145_2,sim,0,4040,4777,4777,737,bigdata_main_node_03
trace,4041,736,2,6145_1,sim,0,4041,4777,4777,736,bigdata_main_node_02
trace,4041,736,2,6145_3,sim,0,4041,4777,4777,736,bigdata_main_node_02
trace,4041,736,2,6145_4,sim,0,4041,4777,4777,736,bigdata_main_node_03
trace,4439,355,2,6580_1,sim,0,4439,4794,4794,355,bigdata_main_node_05
trace,4460,389,2,6588_1,sim,0,4460,4849,4849,389,bigdata_main_node_05
trace,4568,281,2,6650_1,sim,0,4568,4849,4849,281,bigdata_main_node_01
trace,4655,194,2,6726_1,sim,0,4655,4849,4849,194,bigdata_main_node_02
trace,4655,194,2,6726_2,sim,0,4655,4849,4849,194,bigdata_main_node_02
trace,4539,336,2,6643_1,sim,0,4539,4875,4875,336,bigdata_main_node_01
trace,4587,290,2,6669_1,sim,0,4587,4877,4877,290,bigdata_main_node_01
trace,4532,353,2,6636_1,sim,0,4532,4885,4885,353,bigdata_main_node_05
trace,4435,466,2,6575_1,sim,0,4435,4901,4901,466,bigdata_main_node_01
trace,4696,234,2,6742_1,sim,0,4696,4930,4930,234,bigdata_main_node_02
trace,4601,332,2,6677_1,sim,0,4601,4933,4933,332,bigdata_main_node_02
trace,3717,1333,2,5850_1,sim,0,3717,5050,5050,1333,bigdata_main_node_03
trace,3718,1332,2,5850_2,sim,0,3718,5050,5050,1332,bigdata_main_node_02
trace,4500,552,2,6614_1,sim,0,4500,5052,5052,552,bigdata_main_node_01
trace,4347,768,2,6445_1,sim,0,4347,5115,5115,768,bigdata_main_node_03
trace,4348,768,2,6445_2,sim,0,4348,5116,5116,768,bigdata_main_node_03
trace,744,4478,2,1612_1,sim,0,744,5222,5222,4478,bigdata_main_node_01
trace,88,5215,2,163_1,sim,0,88,5303,5303,5215,bigdata_main_node_03
trace,4872,455,2,6772_1,sim,0,4872,5327,5327,455,bigdata_main_node_01
trace,4909,633,2,6777_1,sim,0,4909,5542,5542,633,bigdata_main_node_03
trace,655,4897,2,1543_1,sim,0,655,5552,5552,4897,bigdata_main_node_01
trace,4836,724,2,6763_1,sim,0,4836,5560,5560,724,bigdata_main_node_02
trace,3540,2818,2,5699_3,sim,0,3540,6358,6358,2818,bigdata_main_node_01
trace,3540,2819,2,5699_1,sim,0,3540,6359,6359,2819,bigdata_main_node_01
trace,3540,2819,2,5699_2,sim,0,3540,6359,6359,2819,bigdata_main_node_01
trace,3540,2819,2,5699_4,sim,0,3540,6359,6359,2819,bigdata_main_node_02
trace,6020,403,2,6974_1,sim,0,6020,6423,6423,403,bigdata_main_node_01
trace,6020,403,2,6974_2,sim,0,6020,6423,6423,403,bigdata_main_node_01
trace,6034,446,2,6977_1,sim,0,6034,6480,6480,446,bigdata_main_node_01
trace,6034,446,2,6977_2,sim,0,6034,6480,6480,446,bigdata_main_node_01
trace,6299,184,2,7051_1,sim,0,6299,6483,6483,184,bigdata_main_node_05
trace,6299,184,2,7051_2,sim,0,6299,6483,6483,184,bigdata_main_node_05
trace,6291,204,2,7041_2,sim,0,6291,6495,6495,204,bigdata_main_node_05
trace,6297,203,2,7041_1,sim,0,6297,6500,6500,203,bigdata_main_node_05
trace,6041,469,2,6980_1,sim,0,6041,6510,6510,469,bigdata_main_node_01
trace,6041,469,2,6980_2,sim,0,6041,6510,6510,469,bigdata_main_node_01
trace,6318,193,2,7062_1,sim,0,6318,6511,6511,193,bigdata_main_node_05
trace,6318,193,2,7062_2,sim,0,6318,6511,6511,193,bigdata_main_node_05
trace,6020,500,2,6972_1,sim,0,6020,6520,6520,500,bigdata_main_node_03
trace,6020,500,2,6972_2,sim,0,6020,6520,6520,500,bigdata_main_node_03
trace,6296,226,2,7036_1,sim,0,6296,6522,6522,226,bigdata_main_node_05
trace,6296,226,2,7036_2,sim,0,6296,6522,6522,226,bigdata_main_node_05
trace,6321,230,2,7068_1,sim,0,6321,6551,6551,230,bigdata_main_node_05
trace,6321,230,2,7068_2,sim,0,6321,6551,6551,230,bigdata_main_node_06
trace,6041,512,2,6982_1,sim,0,6041,6553,6553,512,bigdata_main_node_01
trace,6041,512,2,6982_2,sim,0,6041,6553,6553,512,bigdata_main_node_02
trace,6272,288,2,7027_1,sim,0,6272,6560,6560,288,bigdata_main_node_02
trace,6272,288,2,7027_2,sim,0,6272,6560,6560,288,bigdata_main_node_05
trace,6051,547,2,6985_1,sim,0,6051,6598,6598,547,bigdata_main_node_02
trace,6051,547,2,6985_2,sim,0,6051,6598,6598,547,bigdata_main_node_02
trace,6350,261,2,7084_1,sim,0,6350,6611,6611,261,bigdata_main_node_06
trace,6355,262,2,7084_2,sim,0,6355,6617,6617,262,bigdata_main_node_06
trace,6051,589,2,6988_1,sim,0,6051,6640,6640,589,bigdata_main_node_02
trace,6052,588,2,6988_2,sim,0,6052,6640,6640,588,bigdata_main_node_02
trace,5986,661,2,6967_1,sim,0,5986,6647,6647,661,bigdata_main_node_03
trace,5986,661,2,6967_2,sim,0,5986,6647,6647,661,bigdata_main_node_03
trace,5986,661,2,6967_3,sim,0,5986,6647,6647,661,bigdata_main_node_03
trace,5986,661,2,6967_4,sim,0,5986,6647,6647,661,bigdata_main_node_03
trace,6520,184,2,7148_1,sim,0,6520,6704,6704,184,bigdata_main_node_03
trace,6520,184,2,7148_2,sim,0,6520,6704,6704,184,bigdata_main_node_03
trace,6529,192,2,7162_1,sim,0,6529,6721,6721,192,bigdata_main_node_05
trace,6530,191,2,7162_2,sim,0,6530,6721,6721,191,bigdata_main_node_05
trace,6430,320,2,7101_1,sim,0,6430,6750,6750,320,bigdata_main_node_01
trace,6436,320,2,7101_2,sim,0,6436,6756,6756,320,bigdata_main_node_01
trace,6513,261,2,7142_1,sim,0,6513,6774,6774,261,bigdata_main_node_01
trace,6513,263,2,7142_2,sim,0,6513,6776,6776,263,bigdata_main_node_01
trace,6588,190,2,7202_1,sim,0,6588,6778,6778,190,bigdata_main_node_02
trace,6588,190,2,7202_2,sim,0,6588,6778,6778,190,bigdata_main_node_05
trace,6588,200,2,7196_1,sim,0,6588,6788,6788,200,bigdata_main_node_01
trace,6588,200,2,7196_2,sim,0,6588,6788,6788,200,bigdata_main_node_02
trace,6602,209,2,7218_1,sim,0,6602,6811,6811,209,bigdata_main_node_05
trace,6605,207,2,7218_2,sim,0,6605,6812,6812,207,bigdata_main_node_05
trace,6650,201,2,7276_1,sim,0,6650,6851,6851,201,bigdata_main_node_06
trace,6650,201,2,7276_2,sim,0,6650,6851,6851,201,bigdata_main_node_02
trace,6628,232,2,7256_4,sim,0,6628,6860,6860,232,bigdata_main_node_05
trace,6629,232,2,7261_2,sim,0,6629,6861,6861,232,bigdata_main_node_05
trace,6634,231,2,7256_1,sim,0,6634,6865,6865,231,bigdata_main_node_06
trace,6634,231,2,7256_2,sim,0,6634,6865,6865,231,bigdata_main_node_06
trace,6634,231,2,7256_3,sim,0,6634,6865,6865,231,bigdata_main_node_06
trace,6634,231,2,7261_1,sim,0,6634,6865,6865,231,bigdata_main_node_06
trace,6635,231,2,7261_3,sim,0,6635,6866,6866,231,bigdata_main_node_06
trace,6635,232,2,7261_4,sim,0,6635,6867,6867,232,bigdata_main_node_06
trace,6636,232,2,7267_3,sim,0,6636,6868,6868,232,bigdata_main_node_06
trace,6636,233,2,7267_1,sim,0,6636,6869,6869,233,bigdata_main_node_06
trace,6636,233,2,7267_2,sim,0,6636,6869,6869,233,bigdata_main_node_06
trace,6636,233,2,7267_4,sim,0,6636,6869,6869,233,bigdata_main_node_06
trace,6602,330,2,7213_2,sim,0,6602,6932,6932,330,bigdata_main_node_02
trace,6602,332,2,7213_1,sim,0,6602,6934,6934,332,bigdata_main_node_02
trace,6734,247,2,7583_1,sim,0,6734,6981,6981,247,bigdata_main_node_02
trace,6734,247,2,7583_2,sim,0,6734,6981,6981,247,bigdata_main_node_05
trace,6734,247,2,7583_3,sim,0,6734,6981,6981,247,bigdata_main_node_05
trace,6735,246,2,7583_4,sim,0,6735,6981,6981,246,bigdata_main_node_03
trace,6735,246,2,7589_1,sim,0,6735,6981,6981,246,bigdata_main_node_03
trace,6735,246,2,7589_2,sim,0,6735,6981,6981,246,bigdata_main_node_03
trace,6736,245,2,7589_3,sim,0,6736,6981,6981,245,bigdata_main_node_03
trace,6736,246,2,7589_4,sim,0,6736,6982,6982,246,bigdata_main_node_03
trace,6738,245,2,7594_1,sim,0,6738,6983,6983,245,bigdata_main_node_03
trace,6738,246,2,7594_3,sim,0,6738,6984,6984,246,bigdata_main_node_04
trace,6739,245,2,7599_2,sim,0,6739,6984,6984,245,bigdata_main_node_04
trace,6739,247,2,7594_2,sim,0,6739,6986,6986,247,bigdata_main_node_04
trace,6739,247,2,7594_4,sim,0,6739,6986,6986,247,bigdata_main_node_04
trace,6739,247,2,7599_1,sim,0,6739,6986,6986,247,bigdata_main_node_04
trace,6739,247,2,7599_3,sim,0,6739,6986,6986,247,bigdata_main_node_04
trace,6739,247,2,7599_4,sim,0,6739,6986,6986,247,bigdata_main_node_04
trace,6753,233,2,7667_1,sim,0,6753,6986,6986,233,bigdata_main_node_04
trace,6751,236,2,7645_1,sim,0,6751,6987,6987,236,bigdata_main_node_01
trace,6751,236,2,7645_2,sim,0,6751,6987,6987,236,bigdata_main_node_04
trace,6753,234,2,7645_3,sim,0,6753,6987,6987,234,bigdata_main_node_04
trace,6753,234,2,7645_4,sim,0,6753,6987,6987,234,bigdata_main_node_04
trace,6757,232,2,7656_1,sim,0,6757,6989,6989,232,bigdata_main_node_01
trace,6757,232,2,7656_2,sim,0,6757,6989,6989,232,bigdata_main_node_04
trace,6757,232,2,7656_3,sim,0,6757,6989,6989,232,bigdata_main_node_07
trace,6757,232,2,7656_4,sim,0,6757,6989,6989,232,bigdata_main_node_07
trace,6757,232,2,7661_1,sim,0,6757,6989,6989,232,bigdata_main_node_07
trace,6759,232,2,7661_2,sim,0,6759,6991,6991,232,bigdata_main_node_07
trace,6759,232,2,7661_4,sim,0,6759,6991,6991,232,bigdata_main_node_07
trace,6759,232,2,7667_2,sim,0,6759,6991,6991,232,bigdata_main_node_07
trace,6759,232,2,7667_3,sim,0,6759,6991,6991,232,bigdata_main_node_07
trace,6759,232,2,7667_4,sim,0,6759,6991,6991,232,bigdata_main_node_07
trace,6770,221,2,7734_4,sim,0,6770,6991,6991,221,bigdata_main_node_08
trace,6759,233,2,7661_3,sim,0,6759,6992,6992,233,bigdata_main_node_07
trace,6770,222,2,7696_1,sim,0,6770,6992,6992,222,bigdata_main_node_07
trace,6770,222,2,7696_3,sim,0,6770,6992,6992,222,bigdata_main_node_07
trace,6770,222,2,7696_4,sim,0,6770,6992,6992,222,bigdata_main_node_07
trace,6771,221,2,7696_2,sim,0,6771,6992,6992,221,bigdata_main_node_08
trace,6773,220,2,7728_3,sim,0,6773,6993,6993,220,bigdata_main_node_08
trace,6774,219,2,7728_2,sim,0,6774,6993,6993,219,bigdata_main_node_01
trace,6774,219,2,7728_4,sim,0,6774,6993,6993,219,bigdata_main_node_08
trace,6773,221,2,7728_1,sim,0,6773,6994,6994,221,bigdata_main_node_08
trace,6774,220,2,7734_1,sim,0,6774,6994,6994,220,bigdata_main_node_08
trace,6784,211,2,7838_2,sim,0,6784,6995,6995,211,bigdata_main_node_05
trace,6776,220,2,7734_2,sim,0,6776,6996,6996,220,bigdata_main_node_01
trace,6784,212,2,7838_1,sim,0,6784,6996,6996,212,bigdata_main_node_02
trace,6784,212,2,7838_3,sim,0,6784,6996,6996,212,bigdata_main_node_08
trace,6785,211,2,7838_4,sim,0,6785,6996,6996,211,bigdata_main_node_08
trace,6776,221,2,7734_3,sim,0,6776,6997,6997,221,bigdata_main_node_08
trace,6858,313,2,8225_1,sim,0,6858,7171,7171,313,bigdata_main_node_01
trace,6508,664,2,7129_1,sim,0,6508,7172,7172,664,bigdata_main_node_01
trace,6864,327,2,8239_1,sim,0,6864,7191,7191,327,bigdata_main_node_02
trace,778,6455,2,1643_3,sim,0,778,7233,7233,6455,bigdata_main_node_05
trace,779,6454,2,1643_4,sim,0,779,7233,7233,6454,bigdata_main_node_03
trace,778,6456,2,1643_1,sim,0,778,7234,7234,6456,bigdata_main_node_02
trace,778,6456,2,1643_2,sim,0,778,7234,7234,6456,bigdata_main_node_05
trace,7006,286,2,8563_3,sim,0,7006,7292,7292,286,bigdata_main_node_01
trace,7006,287,2,8563_1,sim,0,7006,7293,7293,287,bigdata_main_node_02
trace,7006,287,2,8563_2,sim,0,7006,7293,7293,287,bigdata_main_node_02
trace,7006,287,2,8563_4,sim,0,7006,7293,7293,287,bigdata_main_node_01
trace,7006,287,2,8563_5,sim,0,7006,7293,7293,287,bigdata_main_node_01
trace,7008,286,2,8563_6,sim,0,7008,7294,7294,286,bigdata_main_node_05
trace,6502,807,2,7131_1,sim,0,6502,7309,7309,807,bigdata_main_node_01
trace,6865,446,2,8242_1,sim,0,6865,7311,7311,446,bigdata_main_node_02
trace,6863,494,2,8244_1,sim,0,6863,7357,7357,494,bigdata_main_node_06
trace,7143,248,2,8629_1,sim,0,7143,7391,7391,248,bigdata_main_node_07
trace,7139,255,2,8610_1,sim,0,7139,7394,7394,255,bigdata_main_node_07
trace,6508,888,2,7134_1,sim,0,6508,7396,7396,888,bigdata_main_node_05
trace,7139,258,2,8616_1,sim,0,7139,7397,7397,258,bigdata_main_node_07
trace,7205,210,2,8655_1,sim,0,7205,7415,7415,210,bigdata_main_node_02
trace,7158,272,2,8638_1,sim,0,7158,7430,7430,272,bigdata_main_node_07
trace,7206,236,2,8661_1,sim,0,7206,7442,7442,236,bigdata_main_node_07
trace,7251,228,2,8717_1,sim,0,7251,7479,7479,228,bigdata_main_node_01
trace,7206,279,2,8666_1,sim,0,7206,7485,7485,279,bigdata_main_node_01
trace,7348,188,2,8824_1,sim,0,7348,7536,7536,188,bigdata_main_node_05
trace,7345,203,2,8832_1,sim,0,7345,7548,7548,203,bigdata_main_node_05
trace,6370,1193,2,7086_1,sim,0,6370,7563,7563,1193,bigdata_main_node_02
trace,6370,1193,2,7086_2,sim,0,6370,7563,7563,1193,bigdata_main_node_01
trace,6370,1193,2,7086_3,sim,0,6370,7563,7563,1193,bigdata_main_node_01
trace,6370,1193,2,7086_4,sim,0,6370,7563,7563,1193,bigdata_main_node_01
trace,6951,627,2,8507_1,sim,0,6951,7578,7578,627,bigdata_main_node_05
trace,6940,667,2,8501_1,sim,0,6940,7607,7607,667,bigdata_main_node_05
trace,7378,237,2,8838_1,sim,0,7378,7615,7615,237,bigdata_main_node_05
trace,7345,276,2,8830_1,sim,0,7345,7621,7621,276,bigdata_main_node_03
trace,6936,693,2,8487_1,sim,0,6936,7629,7629,693,bigdata_main_node_02
trace,6938,698,2,8490_1,sim,0,6938,7636,7636,698,bigdata_main_node_08
trace,6938,702,2,8495_1,sim,0,6938,7640,7640,702,bigdata_main_node_08
trace,7134,509,2,8608_1,sim,0,7134,7643,7643,509,bigdata_main_node_07
trace,6938,731,2,8493_1,sim,0,6938,7669,7669,731,bigdata_main_node_08
trace,7426,272,2,8867_1,sim,0,7426,7698,7698,272,bigdata_main_node_05
trace,6937,783,2,8498_1,sim,0,6937,7720,7720,783,bigdata_main_node_02
trace,7390,333,2,8840_1,sim,0,7390,7723,7723,333,bigdata_main_node_06
trace,7007,820,2,8579_3,sim,0,7007,7827,7827,820,bigdata_main_node_01
trace,7139,690,2,8613_1,sim,0,7139,7829,7829,690,bigdata_main_node_07
trace,7008,823,2,8565_1,sim,0,7008,7831,7831,823,bigdata_main_node_05
trace,7008,823,2,8565_2,sim,0,7008,7831,7831,823,bigdata_main_node_05
trace,7008,823,2,8568_4,sim,0,7008,7831,7831,823,bigdata_main_node_03
trace,7008,824,2,8565_3,sim,0,7008,7832,7832,824,bigdata_main_node_05
trace,7008,824,2,8568_3,sim,0,7008,7832,7832,824,bigdata_main_node_03
trace,7010,822,2,8571_2,sim,0,7010,7832,7832,822,bigdata_main_node_03
trace,7010,822,2,8571_3,sim,0,7010,7832,7832,822,bigdata_main_node_03
trace,7010,822,2,8571_4,sim,0,7010,7832,7832,822,bigdata_main_node_08
trace,7008,825,2,8565_4,sim,0,7008,7833,7833,825,bigdata_main_node_05
trace,7008,825,2,8568_2,sim,0,7008,7833,7833,825,bigdata_main_node_03
trace,7009,824,2,8568_1,sim,0,7009,7833,7833,824,bigdata_main_node_03
trace,7012,821,2,8573_3,sim,0,7012,7833,7833,821,bigdata_main_node_08
trace,7012,821,2,8576_1,sim,0,7012,7833,7833,821,bigdata_main_node_08
trace,7012,821,2,8576_2,sim,0,7012,7833,7833,821,bigdata_main_node_08
trace,7013,820,2,8579_1,sim,0,7013,7833,7833,820,bigdata_main_node_06
trace,7013,820,2,8579_2,sim,0,7013,7833,7833,820,bigdata_main_node_06
trace,7013,820,2,8581_2,sim,0,7013,7833,7833,820,bigdata_main_node_06
trace,7013,820,2,8581_3,sim,0,7013,7833,7833,820,bigdata_main_node_06
trace,7053,780,2,8587_1,sim,0,7053,7833,7833,780,bigdata_main_node_06
trace,7012,822,2,8573_1,sim,0,7012,7834,7834,822,bigdata_main_node_08
trace,7012,822,2,8573_2,sim,0,7012,7834,7834,822,bigdata_main_node_08
trace,7012,822,2,8573_4,sim,0,7012,7834,7834,822,bigdata_main_node_08
trace,7012,822,2,8576_3,sim,0,7012,7834,7834,822,bigdata_main_node_08
trace,7012,822,2,8576_4,sim,0,7012,7834,7834,822,bigdata_main_node_06
trace,7013,821,2,8579_4,sim,0,7013,7834,7834,821,bigdata_main_node_06
trace,7013,821,2,8581_1,sim,0,7013,7834,7834,821,bigdata_main_node_06
trace,7014,820,2,8581_4,sim,0,7014,7834,7834,820,bigdata_main_node_06
trace,7054,780,2,8587_3,sim,0,7054,7834,7834,780,bigdata_main_node_04
trace,7011,824,2,8571_1,sim,0,7011,7835,7835,824,bigdata_main_node_08
trace,7053,783,2,8587_2,sim,0,7053,7836,7836,783,bigdata_main_node_04
trace,7063,773,2,8589_1,sim,0,7063,7836,7836,773,bigdata_main_node_04
trace,7063,774,2,8589_3,sim,0,7063,7837,7837,774,bigdata_main_node_04
trace,7055,783,2,8587_4,sim,0,7055,7838,7838,783,bigdata_main_node_04
trace,7087,751,2,8597_3,sim,0,7087,7838,7838,751,bigdata_main_node_04
trace,7087,751,2,8597_4,sim,0,7087,7838,7838,751,bigdata_main_node_04
trace,7062,777,2,8589_2,sim,0,7062,7839,7839,777,bigdata_main_node_04
trace,7064,775,2,8589_4,sim,0,7064,7839,7839,775,bigdata_main_node_04
trace,7087,752,2,8597_1,sim,0,7087,7839,7839,752,bigdata_main_node_04
trace,7087,752,2,8597_2,sim,0,7087,7839,7839,752,bigdata_main_node_04
trace,7096,744,2,8605_1,sim,0,7096,7840,7840,744,bigdata_main_node_07
trace,7097,743,2,8605_3,sim,0,7097,7840,7840,743,bigdata_main_node_07
trace,7097,744,2,8605_2,sim,0,7097,7841,7841,744,bigdata_main_node_07
trace,7098,744,2,8605_4,sim,0,7098,7842,7842,744,bigdata_main_node_07
trace,7690,194,2,8969_1,sim,0,7690,7884,7884,194,bigdata_main_node_08
trace,7690,194,2,8969_2,sim,0,7690,7884,7884,194,bigdata_main_node_08
trace,7685,220,2,8978_2,sim,0,7685,7905,7905,220,bigdata_main_node_03
trace,7691,219,2,8978_1,sim,0,7691,7910,7910,219,bigdata_main_node_08
trace,7716,251,2,8996_1,sim,0,7716,7967,7967,251,bigdata_main_node_05
trace,7716,251,2,8996_2,sim,0,7716,7967,7967,251,bigdata_main_node_05
trace,7707,282,2,8989_1,sim,0,7707,7989,7989,282,bigdata_main_node_05
trace,7707,282,2,8989_2,sim,0,7707,7989,7989,282,bigdata_main_node_05
trace,7887,188,2,9107_3,sim,0,7887,8075,8075,188,bigdata_main_node_05
trace,7887,189,2,9107_1,sim,0,7887,8076,8076,189,bigdata_main_node_05
trace,7887,189,2,9107_2,sim,0,7887,8076,8076,189,bigdata_main_node_05
trace,7897,189,2,9139_1,sim,0,7897,8086,8086,189,bigdata_main_node_02
trace,7897,189,2,9139_2,sim,0,7897,8086,8086,189,bigdata_main_node_02
trace,7888,248,2,9118_1,sim,0,7888,8136,8136,248,bigdata_main_node_03
trace,7888,248,2,9118_2,sim,0,7888,8136,8136,248,bigdata_main_node_03
trace,7888,248,2,9118_3,sim,0,7888,8136,8136,248,bigdata_main_node_03
trace,7964,224,2,9230_1,sim,0,7964,8188,8188,224,bigdata_main_node_01
trace,7950,239,2,9211_1,sim,0,7950,8189,8189,239,bigdata_main_node_02
trace,7950,239,2,9211_2,sim,0,7950,8189,8189,239,bigdata_main_node_02
trace,7950,239,2,9211_3,sim,0,7950,8189,8189,239,bigdata_main_node_02
trace,7951,238,2,9211_4,sim,0,7951,8189,8189,238,bigdata_main_node_01
trace,7970,224,2,9230_2,sim,0,7970,8194,8194,224,bigdata_main_node_05
trace,7970,226,2,9230_3,sim,0,7970,8196,8196,226,bigdata_main_node_05
trace,7970,227,2,9230_4,sim,0,7970,8197,8197,227,bigdata_main_node_06
trace,7979,219,2,9236_1,sim,0,7979,8198,8198,219,bigdata_main_node_06
trace,7979,219,2,9236_2,sim,0,7979,8198,8198,219,bigdata_main_node_06
trace,7980,218,2,9236_3,sim,0,7980,8198,8198,218,bigdata_main_node_06
trace,7980,219,2,9236_4,sim,0,7980,8199,8199,219,bigdata_main_node_06
trace,7887,332,2,9112_1,sim,0,7887,8219,8219,332,bigdata_main_node_05
trace,7887,332,2,9112_2,sim,0,7887,8219,8219,332,bigdata_main_node_05
trace,7887,332,2,9112_3,sim,0,7887,8219,8219,332,bigdata_main_node_03
trace,6508,1718,2,7137_1,sim,0,6508,8226,8226,1718,bigdata_main_node_05
trace,6508,1760,2,7139_1,sim,0,6508,8268,8268,1760,bigdata_main_node_05
trace,7918,373,2,9171_1,sim,0,7918,8291,8291,373,bigdata_main_node_03
trace,2793,5531,2,4906_1,sim,0,2793,8324,8324,5531,bigdata_main_node_06
trace,8191,226,2,9371_1,sim,0,8191,8417,8417,226,bigdata_main_node_03
trace,7955,472,2,9219_2,sim,0,7955,8427,8427,472,bigdata_main_node_01
trace,7956,472,2,9219_1,sim,0,7956,8428,8428,472,bigdata_main_node_01
trace,7960,582,2,9224_2,sim,0,7960,8542,8542,582,bigdata_main_node_01
trace,7961,581,2,9224_1,sim,0,7961,8542,8542,581,bigdata_main_node_01
trace,7889,674,2,9121_2,sim,0,7889,8563,8563,674,bigdata_main_node_03
trace,7889,675,2,9121_1,sim,0,7889,8564,8564,675,bigdata_main_node_03
trace,8105,471,2,9348_1,sim,0,8105,8576,8576,471,bigdata_main_node_02
trace,7096,1495,2,8600_1,sim,0,7096,8591,8591,1495,bigdata_main_node_04
trace,8364,235,2,9558_1,sim,0,8364,8599,8599,235,bigdata_main_node_02
trace,7889,720,2,9124_1,sim,0,7889,8609,8609,720,bigdata_main_node_02
trace,7889,720,2,9124_2,sim,0,7889,8609,8609,720,bigdata_main_node_02
trace,7949,702,2,9222_2,sim,0,7949,8651,8651,702,bigdata_main_node_02
trace,7955,702,2,9222_1,sim,0,7955,8657,8657,702,bigdata_main_node_01
trace,8349,400,2,9552_1,sim,0,8349,8749,8749,400,bigdata_main_node_01
trace,8349,400,2,9552_2,sim,0,8349,8749,8749,400,bigdata_main_node_01
trace,8349,400,2,9552_5,sim,0,8349,8749,8749,400,bigdata_main_node_02
trace,8349,401,2,9552_3,sim,0,8349,8750,8750,401,bigdata_main_node_03
trace,8349,401,2,9552_4,sim,0,8349,8750,8750,401,bigdata_main_node_03
trace,8349,401,2,9552_6,sim,0,8349,8750,8750,401,bigdata_main_node_02
trace,8378,457,2,9571_2,sim,0,8378,8835,8835,457,bigdata_main_node_06
trace,8379,456,2,9571_1,sim,0,8379,8835,8835,456,bigdata_main_node_06
trace,8605,250,2,9692_1,sim,0,8605,8855,8855,250,bigdata_main_node_04
trace,8376,518,2,9561_1,sim,0,8376,8894,8894,518,bigdata_main_node_06
trace,8629,281,2,9723_2,sim,0,8629,8910,8910,281,bigdata_main_node_05
trace,8628,283,2,9723_1,sim,0,8628,8911,8911,283,bigdata_main_node_05
trace,8704,228,2,9829_1,sim,0,8704,8932,8932,228,bigdata_main_node_01
trace,8704,228,2,9829_2,sim,0,8704,8932,8932,228,bigdata_main_node_05
trace,7802,1133,2,9051_1,sim,0,7802,8935,8935,1133,bigdata_main_node_06
trace,8370,566,2,9563_1,sim,0,8370,8936,8936,566,bigdata_main_node_06
trace,8438,498,2,9593_1,sim,0,8438,8936,8936,498,bigdata_main_node_03
trace,8438,499,2,9593_2,sim,0,8438,8937,8937,499,bigdata_main_node_01
trace,8743,204,2,9912_1,sim,0,8743,8947,8947,204,bigdata_main_node_07
trace,8629,323,2,9725_2,sim,0,8629,8952,8952,323,bigdata_main_node_05
trace,8629,324,2,9725_1,sim,0,8629,8953,8953,324,bigdata_main_node_05
trace,8651,305,2,9743_1,sim,0,8651,8956,8956,305,bigdata_main_node_02
trace,8651,305,2,9743_2,sim,0,8651,8956,8956,305,bigdata_main_node_05
trace,8605,358,2,9694_1,sim,0,8605,8963,8963,358,bigdata_main_node_04
trace,8733,245,2,9865_1,sim,0,8733,8978,8978,245,bigdata_main_node_05
trace,7953,1097,2,9216_1,sim,0,7953,9050,9050,1097,bigdata_main_node_01
trace,7953,1097,2,9216_2,sim,0,7953,9050,9050,1097,bigdata_main_node_01
trace,8735,315,2,9868_1,sim,0,8735,9050,9050,315,bigdata_main_node_05
trace,8735,336,2,9870_1,sim,0,8735,9071,9071,336,bigdata_main_node_05
trace,8606,471,2,9697_1,sim,0,8606,9077,9077,471,bigdata_main_node_04
trace,8813,268,2,10043_1,sim,0,8813,9081,9081,268,bigdata_main_node_01
trace,8733,357,2,9873_1,sim,0,8733,9090,9090,357,bigdata_main_node_05
trace,7097,2045,2,8602_1,sim,0,7097,9142,9142,2045,bigdata_main_node_07
trace,8376,777,2,9566_1,sim,0,8376,9153,9153,777,bigdata_main_node_06
trace,8605,551,2,9700_1,sim,0,8605,9156,9156,551,bigdata_main_node_04
trace,8735,435,2,9876_1,sim,0,8735,9170,9170,435,bigdata_main_node_07
trace,8600,579,2,9702_1,sim,0,8600,9179,9179,579,bigdata_main_node_04
trace,8836,376,2,10062_1,sim,0,8836,9212,9212,376,bigdata_main_node_06
trace,8836,391,2,10065_1,sim,0,8836,9227,9227,391,bigdata_main_node_06
trace,9037,192,2,10155_1,sim,0,9037,9229,9229,192,bigdata_main_node_08
trace,9040,194,2,10174_1,sim,0,9040,9234,9234,194,bigdata_main_node_09
trace,9018,228,2,10135_1,sim,0,9018,9246,9246,228,bigdata_main_node_05
trace,9069,188,2,10285_1,sim,0,9069,9257,9257,188,bigdata_main_node_01
trace,9042,236,2,10196_1,sim,0,9042,9278,9278,236,bigdata_main_node_09
trace,8586,694,2,9684_2,sim,0,8586,9280,9280,694,bigdata_main_node_04
trace,8586,695,2,9684_1,sim,0,8586,9281,9281,695,bigdata_main_node_04
trace,8735,553,2,9878_1,sim,0,8735,9288,9288,553,bigdata_main_node_07
trace,9045,254,2,10208_1,sim,0,9045,9299,9299,254,bigdata_main_node_09
trace,9034,272,2,10152_1,sim,0,9034,9306,9306,272,bigdata_main_node_08
trace,9043,264,2,10202_1,sim,0,9043,9307,9307,264,bigdata_main_node_09
trace,8957,351,2,10096_1,sim,0,8957,9308,9308,351,bigdata_main_node_02
trace,9048,261,2,10228_1,sim,0,9048,9309,9309,261,bigdata_main_node_09
trace,9021,290,2,10141_1,sim,0,9021,9311,9311,290,bigdata_main_node_05
trace,9021,290,2,10141_2,sim,0,9021,9311,9311,290,bigdata_main_node_05
trace,8963,351,2,10096_2,sim,0,8963,9314,9314,351,bigdata_main_node_04
trace,9021,317,2,10143_2,sim,0,9021,9338,9338,317,bigdata_main_node_08
trace,9021,318,2,10143_1,sim,0,9021,9339,9339,318,bigdata_main_node_08
trace,8371,973,2,9569_1,sim,0,8371,9344,9344,973,bigdata_main_node_06
trace,9037,317,2,10161_1,sim,0,9037,9354,9354,317,bigdata_main_node_08
trace,9163,203,2,10414_1,sim,0,9163,9366,9366,203,bigdata_main_node_04
trace,9038,340,2,10163_1,sim,0,9038,9378,9378,340,bigdata_main_node_08
trace,8949,432,2,10087_1,sim,0,8949,9381,9381,432,bigdata_main_node_03
trace,9008,382,2,10114_1,sim,0,9008,9390,9390,382,bigdata_main_node_06
trace,9009,382,2,10114_2,sim,0,9009,9391,9391,382,bigdata_main_node_06
trace,9049,342,2,10231_1,sim,0,9049,9391,9391,342,bigdata_main_node_10
trace,9043,351,2,10199_1,sim,0,9043,9394,9394,351,bigdata_main_node_09
trace,8885,511,2,10075_1,sim,0,8885,9396,9396,511,bigdata_main_node_07
trace,8949,450,2,10089_1,sim,0,8949,9399,9399,450,bigdata_main_node_05
trace,9038,367,2,10166_1,sim,0,9038,9405,9405,367,bigdata_main_node_08
trace,9046,363,2,10217_1,sim,0,9046,9409,9409,363,bigdata_main_node_09
trace,9081,332,2,10318_1,sim,0,9081,9413,9413,332,bigdata_main_node_04
trace,9018,434,2,10138_1,sim,0,9018,9452,9452,434,bigdata_main_node_05
trace,9046,411,2,10220_1,sim,0,9046,9457,9457,411,bigdata_main_node_09
trace,8600,859,2,9689_1,sim,0,8600,9459,9459,859,bigdata_main_node_02
trace,8600,859,2,9689_2,sim,0,8600,9459,9459,859,bigdata_main_node_04
trace,9049,411,2,10234_1,sim,0,9049,9460,9460,411,bigdata_main_node_10
trace,7803,1660,2,9053_1,sim,0,7803,9463,9463,1660,bigdata_main_node_05
trace,9038,431,2,10169_1,sim,0,9038,9469,9469,431,bigdata_main_node_08
trace,8951,520,2,10092_1,sim,0,8951,9471,9471,520,bigdata_main_node_07
trace,9292,187,2,10596_1,sim,0,9292,9479,9479,187,bigdata_main_node_01
trace,8857,630,2,10068_1,sim,0,8857,9487,9487,630,bigdata_main_node_04
trace,8582,912,2,9673_1,sim,0,8582,9494,9494,912,bigdata_main_node_01
trace,8582,912,2,9673_2,sim,0,8582,9494,9494,912,bigdata_main_node_06
trace,9288,206,2,10573_3,sim,0,9288,9494,9494,206,bigdata_main_node_04
trace,9289,205,2,10573_1,sim,0,9289,9494,9494,205,bigdata_main_node_04
trace,9289,205,2,10573_2,sim,0,9289,9494,9494,205,bigdata_main_node_01
trace,9046,458,2,10222_1,sim,0,9046,9504,9504,458,bigdata_main_node_09
trace,8587,921,2,9686_1,sim,0,8587,9508,9508,921,bigdata_main_node_04
trace,8587,921,2,9686_2,sim,0,8587,9508,9508,921,bigdata_main_node_04
trace,8905,605,2,10078_1,sim,0,8905,9510,9510,605,bigdata_main_node_06
trace,9057,457,2,10250_1,sim,0,9057,9514,9514,457,bigdata_main_node_05
trace,8577,943,2,9676_1,sim,0,8577,9520,9520,943,bigdata_main_node_02
trace,8582,944,2,9676_2,sim,0,8582,9526,9526,944,bigdata_main_node_06
trace,9038,492,2,10171_1,sim,0,9038,9530,9530,492,bigdata_main_node_08
trace,8582,959,2,9670_1,sim,0,8582,9541,9541,959,bigdata_main_node_01
trace,8583,959,2,9670_2,sim,0,8583,9542,9542,959,bigdata_main_node_06
trace,9045,511,2,10211_1,sim,0,9045,9556,9556,511,bigdata_main_node_09
trace,9045,522,2,10213_1,sim,0,9045,9567,9567,522,bigdata_main_node_09
trace,9324,251,2,10634_3,sim,0,9324,9575,9575,251,bigdata_main_node_04
trace,9330,249,2,10634_1,sim,0,9330,9579,9579,249,bigdata_main_node_05
trace,9331,248,2,10634_2,sim,0,9331,9579,9579,248,bigdata_main_node_05
trace,8988,599,2,10110_1,sim,0,8988,9587,9587,599,bigdata_main_node_01
trace,9310,281,2,10622_1,sim,0,9310,9591,9591,281,bigdata_main_node_05
trace,9273,319,2,10554_1,sim,0,9273,9592,9592,319,bigdata_main_node_04
trace,9276,319,2,10554_2,sim,0,9276,9595,9595,319,bigdata_main_node_08
trace,9277,324,2,10554_3,sim,0,9277,9601,9601,324,bigdata_main_node_09
trace,8578,1033,2,9678_2,sim,0,8578,9611,9611,1033,bigdata_main_node_03
trace,8584,1032,2,9678_1,sim,0,8584,9616,9616,1032,bigdata_main_node_06
trace,9418,206,2,10761_1,sim,0,9418,9624,9624,206,bigdata_main_node_05
trace,9418,207,2,10761_2,sim,0,9418,9625,9625,207,bigdata_main_node_07
trace,9418,207,2,10761_3,sim,0,9418,9625,9625,207,bigdata_main_node_07
trace,9420,206,2,10761_4,sim,0,9420,9626,9626,206,bigdata_main_node_08
trace,8582,1048,2,9668_1,sim,0,8582,9630,9630,1048,bigdata_main_node_03
trace,8582,1048,2,9668_2,sim,0,8582,9630,9630,1048,bigdata_main_node_01
trace,9283,350,2,10570_1,sim,0,9283,9633,9633,350,bigdata_main_node_09
trace,9433,201,2,10785_1,sim,0,9433,9634,9634,201,bigdata_main_node_10
trace,9465,200,2,10844_1,sim,0,9465,9665,9665,200,bigdata_main_node_02
trace,9465,200,2,10844_3,sim,0,9465,9665,9665,200,bigdata_main_node_09
trace,4772,4895,2,6752_1,sim,0,4772,9667,9667,4895,bigdata_main_node_01
trace,4772,4895,2,6752_2,sim,0,4772,9667,9667,4895,bigdata_main_node_01
trace,9465,202,2,10844_2,sim,0,9465,9667,9667,202,bigdata_main_node_04
trace,4773,4895,2,6752_4,sim,0,4773,9668,9668,4895,bigdata_main_node_02
trace,4773,4897,2,6752_3,sim,0,4773,9670,9670,4897,bigdata_main_node_02
trace,4773,4897,2,6752_5,sim,0,4773,9670,9670,4897,bigdata_main_node_03
trace,4773,4897,2,6752_6,sim,0,4773,9670,9670,4897,bigdata_main_node_03
trace,4773,4897,2,6752_7,sim,0,4773,9670,9670,4897,bigdata_main_node_03
trace,4774,4896,2,6752_8,sim,0,4774,9670,9670,4896,bigdata_main_node_03
trace,4774,4896,2,6752_9,sim,0,4774,9670,9670,4896,bigdata_main_node_03
trace,8623,1056,2,9719_1,sim,0,8623,9679,9679,1056,bigdata_main_node_02
trace,8623,1056,2,9719_2,sim,0,8623,9679,9679,1056,bigdata_main_node_02
trace,8586,1098,2,9681_2,sim,0,8586,9684,9684,1098,bigdata_main_node_04
trace,8586,1099,2,9681_1,sim,0,8586,9685,9685,1099,bigdata_main_node_04
trace,9425,271,2,10770_2,sim,0,9425,9696,9696,271,bigdata_main_node_09
trace,9425,272,2,10770_1,sim,0,9425,9697,9697,272,bigdata_main_node_08
trace,9425,272,2,10770_3,sim,0,9425,9697,9697,272,bigdata_main_node_09
trace,9425,273,2,10770_4,sim,0,9425,9698,9698,273,bigdata_main_node_09
trace,9310,389,2,10625_1,sim,0,9310,9699,9699,389,bigdata_main_node_05
trace,9471,229,2,10858_1,sim,0,9471,9700,9700,229,bigdata_main_node_07
trace,9531,183,2,10950_2,sim,0,9531,9714,9714,183,bigdata_main_node_08
trace,9531,183,2,10950_3,sim,0,9531,9714,9714,183,bigdata_main_node_13
trace,9531,186,2,10950_1,sim,0,9531,9717,9717,186,bigdata_main_node_06
trace,9425,333,2,10772_1,sim,0,9425,9758,9758,333,bigdata_main_node_09
trace,9426,333,2,10772_2,sim,0,9426,9759,9759,333,bigdata_main_node_09
trace,9428,332,2,10772_4,sim,0,9428,9760,9760,332,bigdata_main_node_06
trace,9428,333,2,10772_3,sim,0,9428,9761,9761,333,bigdata_main_node_06
trace,9309,461,2,10628_1,sim,0,9309,9770,9770,461,bigdata_main_node_08
trace,9308,463,2,10628_3,sim,0,9308,9771,9771,463,bigdata_main_node_02
trace,9313,460,2,10628_2,sim,0,9313,9773,9773,460,bigdata_main_node_05
trace,9540,238,2,10954_1,sim,0,9540,9778,9778,238,bigdata_main_node_13
trace,9413,366,2,10764_1,sim,0,9413,9779,9779,366,bigdata_main_node_04
trace,9419,365,2,10764_3,sim,0,9419,9784,9784,365,bigdata_main_node_08
trace,9419,366,2,10764_2,sim,0,9419,9785,9785,366,bigdata_main_node_08
trace,9419,367,2,10764_4,sim,0,9419,9786,9786,367,bigdata_main_node_08
trace,9471,336,2,10860_1,sim,0,9471,9807,9807,336,bigdata_main_node_08
trace,9502,305,2,10913_1,sim,0,9502,9807,9807,305,bigdata_main_node_01
trace,9498,333,2,10915_1,sim,0,9498,9831,9831,333,bigdata_main_node_06
trace,9574,274,2,11030_1,sim,0,9574,9848,9848,274,bigdata_main_node_13
trace,9574,274,2,11030_2,sim,0,9574,9848,9848,274,bigdata_main_node_13
trace,9575,274,2,11030_4,sim,0,9575,9849,9849,274,bigdata_main_node_04
trace,9576,278,2,11030_3,sim,0,9576,9854,9854,278,bigdata_main_node_13
trace,9567,305,2,11028_1,sim,0,9567,9872,9872,305,bigdata_main_node_09
trace,9694,197,2,11313_1,sim,0,9694,9891,9891,197,bigdata_main_node_04
trace,9635,265,2,11126_1,sim,0,9635,9900,9900,265,bigdata_main_node_01
trace,9502,399,2,10918_1,sim,0,9502,9901,9901,399,bigdata_main_node_04
trace,9759,186,2,11385_1,sim,0,9759,9945,9945,186,bigdata_main_node_03
trace,9471,487,2,10863_1,sim,0,9471,9958,9958,487,bigdata_main_node_10
trace,9599,365,2,11065_1,sim,0,9599,9964,9964,365,bigdata_main_node_08
trace,9782,189,2,11412_1,sim,0,9782,9971,9971,189,bigdata_main_node_04
trace,9548,426,2,10985_1,sim,0,9548,9974,9974,426,bigdata_main_node_01
trace,9710,271,2,11334_1,sim,0,9710,9981,9981,271,bigdata_main_node_07
trace,9498,486,2,10921_1,sim,0,9498,9984,9984,486,bigdata_main_node_01
trace,9505,484,2,10934_1,sim,0,9505,9989,9989,484,bigdata_main_node_04
trace,9548,442,2,10987_1,sim,0,9548,9990,9990,442,bigdata_main_node_06
trace,9689,315,2,11282_1,sim,0,9689,10004,10004,315,bigdata_main_node_05
trace,9758,251,2,11377_1,sim,0,9758,10009,10009,251,bigdata_main_node_03
trace,9046,973,2,10225_1,sim,0,9046,10019,10019,973,bigdata_main_node_09
trace,9289,741,2,10577_1,sim,0,9289,10030,10030,741,bigdata_main_node_01
trace,9846,204,2,11504_1,sim,0,9846,10050,10050,204,bigdata_main_node_09
trace,9677,376,2,11190_1,sim,0,9677,10053,10053,376,bigdata_main_node_08
trace,9715,345,2,11337_1,sim,0,9715,10060,10060,345,bigdata_main_node_08
trace,9850,220,2,11509_1,sim,0,9850,10070,10070,220,bigdata_main_node_04
trace,9677,404,2,11192_1,sim,0,9677,10081,10081,404,bigdata_main_node_10
trace,9758,335,2,11380_1,sim,0,9758,10093,10093,335,bigdata_main_node_03
trace,9773,331,2,11394_1,sim,0,9773,10104,10104,331,bigdata_main_node_05
trace,9891,223,2,11632_1,sim,0,9891,10114,10114,223,bigdata_main_node_04
trace,9784,335,2,11417_1,sim,0,9784,10119,10119,335,bigdata_main_node_08
trace,9477,646,2,10868_1,sim,0,9477,10123,10123,646,bigdata_main_node_05
trace,9775,360,2,11396_1,sim,0,9775,10135,10135,360,bigdata_main_node_08
trace,9758,379,2,11383_1,sim,0,9758,10137,10137,379,bigdata_main_node_03
trace,9726,415,2,11346_1,sim,0,9726,10141,10141,415,bigdata_main_node_02
trace,9976,196,2,11803_1,sim,0,9976,10172,10172,196,bigdata_main_node_08
trace,9851,335,2,11526_1,sim,0,9851,10186,10186,335,bigdata_main_node_13
trace,9488,710,2,10893_1,sim,0,9488,10198,10198,710,bigdata_main_node_04
trace,9766,434,2,11399_1,sim,0,9766,10200,10200,434,bigdata_main_node_03
trace,9852,348,2,11531_1,sim,0,9852,10200,10200,348,bigdata_main_node_13
trace,9857,346,2,11528_1,sim,0,9857,10203,10203,346,bigdata_main_node_13
trace,9975,228,2,11794_1,sim,0,9975,10203,10203,228,bigdata_main_node_01
trace,9708,514,2,11326_1,sim,0,9708,10222,10222,514,bigdata_main_node_04
trace,9709,513,2,11326_2,sim,0,9709,10222,10222,513,bigdata_main_node_05
trace,10053,209,2,12046_1,sim,0,10053,10262,10262,209,bigdata_main_node_08
trace,9709,569,2,11329_2,sim,0,9709,10278,10278,569,bigdata_main_node_08
trace,10076,205,2,12105_1,sim,0,10076,10281,10281,205,bigdata_main_node_17
trace,9710,574,2,11329_1,sim,0,9710,10284,10284,574,bigdata_main_node_07
trace,9772,523,2,11402_1,sim,0,9772,10295,10295,523,bigdata_main_node_02
trace,10032,294,2,11979_1,sim,0,10032,10326,10326,294,bigdata_main_node_01
trace,10066,260,2,12065_1,sim,0,10066,10326,10326,260,bigdata_main_node_17
trace,10062,282,2,12061_1,sim,0,10062,10344,10344,282,bigdata_main_node_08
trace,10032,338,2,11982_1,sim,0,10032,10370,10370,338,bigdata_main_node_03
trace,10040,359,2,12042_1,sim,0,10040,10399,10399,359,bigdata_main_node_05
trace,10215,190,2,12326_1,sim,0,10215,10405,10405,190,bigdata_main_node_03
trace,9671,800,2,11195_2,sim,0,9671,10471,10471,800,bigdata_main_node_04
trace,9679,792,2,11195_1,sim,0,9679,10471,10471,792,bigdata_main_node_01
trace,9679,802,2,11198_1,sim,0,9679,10481,10481,802,bigdata_main_node_01
trace,9681,805,2,11198_2,sim,0,9681,10486,10486,805,bigdata_main_node_05
trace,9824,693,2,11476_1,sim,0,9824,10517,10517,693,bigdata_main_node_06
trace,9825,692,2,11476_2,sim,0,9825,10517,10517,692,bigdata_main_node_08
trace,10213,307,2,12321_1,sim,0,10213,10520,10520,307,bigdata_main_node_01
trace,9599,946,2,11070_2,sim,0,9599,10545,10545,946,bigdata_main_node_05
trace,9599,951,2,11070_1,sim,0,9599,10550,10550,951,bigdata_main_node_05
trace,9722,846,2,11343_1,sim,0,9722,10568,10568,846,bigdata_main_node_02
trace,9723,847,2,11343_2,sim,0,9723,10570,10570,847,bigdata_main_node_02
trace,10349,303,2,12526_1,sim,0,10349,10652,10652,303,bigdata_main_node_08
trace,9593,1079,2,11060_2,sim,0,9593,10672,10672,1079,bigdata_main_node_01
trace,10479,197,2,12814_1,sim,0,10479,10676,10676,197,bigdata_main_node_17
trace,9596,1081,2,11060_1,sim,0,9596,10677,10677,1081,bigdata_main_node_04
trace,10189,490,2,12288_1,sim,0,10189,10679,10679,490,bigdata_main_node_02
trace,9958,737,2,11727_1,sim,0,9958,10695,10695,737,bigdata_main_node_16
trace,9897,800,2,11625_1,sim,0,9897,10697,10697,800,bigdata_main_node_09
trace,9900,797,2,11625_2,sim,0,9900,10697,10697,797,bigdata_main_node_01
trace,9958,744,2,11727_2,sim,0,9958,10702,10702,744,bigdata_main_node_16
trace,10460,244,2,12781_1,sim,0,10460,10704,10704,244,bigdata_main_node_05
trace,10473,238,2,12801_1,sim,0,10473,10711,10711,238,bigdata_main_node_01
trace,9959,756,2,11730_1,sim,0,9959,10715,10715,756,bigdata_main_node_16
trace,9960,758,2,11730_2,sim,0,9960,10718,10718,758,bigdata_main_node_16
trace,10491,241,2,12833_1,sim,0,10491,10732,10732,241,bigdata_main_node_01
trace,9832,902,2,11488_1,sim,0,9832,10734,10734,902,bigdata_main_node_06
trace,10521,219,2,12865_1,sim,0,10521,10740,10740,219,bigdata_main_node_01
trace,10478,263,2,12825_1,sim,0,10478,10741,10741,263,bigdata_main_node_03
trace,10341,401,2,12508_1,sim,0,10341,10742,10742,401,bigdata_main_node_01
trace,10478,265,2,12820_1,sim,0,10478,10743,10743,265,bigdata_main_node_03
trace,10492,252,2,12838_1,sim,0,10492,10744,10744,252,bigdata_main_node_05
trace,9833,914,2,11488_2,sim,0,9833,10747,10747,914,bigdata_main_node_08
trace,10563,189,2,12957_1,sim,0,10563,10752,10752,189,bigdata_main_node_05
trace,10476,279,2,12806_1,sim,0,10476,10755,10755,279,bigdata_main_node_04
trace,10072,689,2,12089_1,sim,0,10072,10761,10761,689,bigdata_main_node_04
trace,10534,227,2,12889_1,sim,0,10534,10761,10761,227,bigdata_main_node_08
trace,10290,473,2,12435_1,sim,0,10290,10763,10763,473,bigdata_main_node_07
trace,10561,206,2,12962_1,sim,0,10561,10767,10767,206,bigdata_main_node_17
trace,10580,191,2,13039_1,sim,0,10580,10771,10771,191,bigdata_main_node_18
trace,10561,226,2,12968_1,sim,0,10561,10787,10787,226,bigdata_main_node_05
trace,10534,274,2,12884_1,sim,0,10534,10808,10808,274,bigdata_main_node_06
trace,10056,764,2,12054_1,sim,0,10056,10820,10820,764,bigdata_main_node_16
trace,9975,856,2,11806_1,sim,0,9975,10831,10831,856,bigdata_main_node_04
trace,10641,195,2,13258_1,sim,0,10641,10836,10836,195,bigdata_main_node_19
trace,10636,203,2,13247_1,sim,0,10636,10839,10839,203,bigdata_main_node_19
trace,9521,1328,2,10943_1,sim,0,9521,10849,10849,1328,bigdata_main_node_02
trace,9516,1335,2,10943_2,sim,0,9516,10851,10851,1335,bigdata_main_node_13
trace,10660,193,2,13294_1,sim,0,10660,10853,10853,193,bigdata_main_node_08
trace,9646,1208,2,11141_2,sim,0,9646,10854,10854,1208,bigdata_main_node_06
trace,9646,1209,2,11141_1,sim,0,9646,10855,10855,1209,bigdata_main_node_03
trace,9612,1250,2,11085_1,sim,0,9612,10862,10862,1250,bigdata_main_node_03
trace,10634,230,2,13252_1,sim,0,10634,10864,10864,230,bigdata_main_node_19
trace,10584,287,2,13045_1,sim,0,10584,10871,10871,287,bigdata_main_node_18
trace,10536,351,2,12895_1,sim,0,10536,10887,10887,351,bigdata_main_node_17
trace,10105,802,2,12172_1,sim,0,10105,10907,10907,802,bigdata_main_node_03
trace,10105,802,2,12172_2,sim,0,10105,10907,10907,802,bigdata_main_node_05
trace,10591,324,2,13071_1,sim,0,10591,10915,10915,324,bigdata_main_node_19
trace,10622,318,2,13193_1,sim,0,10622,10940,10940,318,bigdata_main_node_19
trace,10734,212,2,13480_1,sim,0,10734,10946,10946,212,bigdata_main_node_06
trace,10573,382,2,13005_1,sim,0,10573,10955,10955,382,bigdata_main_node_02
trace,10781,184,2,13626_1,sim,0,10781,10965,10965,184,bigdata_main_node_05
trace,10623,348,2,13195_1,sim,0,10623,10971,10971,348,bigdata_main_node_19
trace,10740,254,2,13501_1,sim,0,10740,10994,10994,254,bigdata_main_node_09
trace,10726,276,2,13458_1,sim,0,10726,11002,11002,276,bigdata_main_node_02
trace,10777,225,2,13611_1,sim,0,10777,11002,11002,225,bigdata_main_node_03
trace,10801,201,2,13673_1,sim,0,10801,11002,11002,201,bigdata_main_node_05
trace,9840,1163,2,11500_1,sim,0,9840,11003,11003,1163,bigdata_main_node_09
trace,10794,210,2,13652_1,sim,0,10794,11004,11004,210,bigdata_main_node_05
trace,9841,1164,2,11500_2,sim,0,9841,11005,11005,1164,bigdata_main_node_09
trace,10814,205,2,13707_1,sim,0,10814,11019,11019,205,bigdata_main_node_06
trace,9748,1281,2,11365_2,sim,0,9748,11029,11029,1281,bigdata_main_node_02
trace,9747,1288,2,11365_1,sim,0,9747,11035,11035,1288,bigdata_main_node_02
trace,10820,215,2,13715_1,sim,0,10820,11035,11035,215,bigdata_main_node_17
trace,10230,806,2,12337_1,sim,0,10230,11036,11036,806,bigdata_main_node_05
trace,10232,822,2,12337_2,sim,0,10232,11054,11054,822,bigdata_main_node_04
trace,10774,280,2,13566_1,sim,0,10774,11054,11054,280,bigdata_main_node_18
trace,10591,467,2,13068_1,sim,0,10591,11058,11058,467,bigdata_main_node_18
trace,10817,261,2,13721_1,sim,0,10817,11078,11078,261,bigdata_main_node_08
trace,10801,283,2,13679_1,sim,0,10801,11084,11084,283,bigdata_main_node_08
trace,10128,968,2,12228_1,sim,0,10128,11096,11096,968,bigdata_main_node_04
trace,10843,264,2,13761_1,sim,0,10843,11107,11107,264,bigdata_main_node_16
trace,10566,547,2,13003_1,sim,0,10566,11113,11113,547,bigdata_main_node_18
trace,10129,1059,2,12238_2,sim,0,10129,11188,11188,1059,bigdata_main_node_05
trace,10135,1059,2,12238_1,sim,0,10135,11194,11194,1059,bigdata_main_node_10
trace,8963,2238,2,10098_1,sim,0,8963,11201,11201,2238,bigdata_main_node_01
trace,10766,441,2,13585_1,sim,0,10766,11207,11207,441,bigdata_main_node_07
trace,7022,4196,2,8584_1,sim,0,7022,11218,11218,4196,bigdata_main_node_06
trace,10863,379,2,13834_1,sim,0,10863,11242,11242,379,bigdata_main_node_02
trace,11024,248,2,14272_1,sim,0,11024,11272,11272,248,bigdata_main_node_09
trace,11073,215,2,14436_1,sim,0,11073,11288,11288,215,bigdata_main_node_17
trace,10839,455,2,13759_1,sim,0,10839,11294,11294,455,bigdata_main_node_17
trace,11005,330,2,14238_1,sim,0,11005,11335,11335,330,bigdata_main_node_17
trace,10192,1151,2,12300_1,sim,0,10192,11343,11343,1151,bigdata_main_node_03
trace,10194,1152,2,12300_2,sim,0,10194,11346,11346,1152,bigdata_main_node_13
trace,11085,269,2,14473_1,sim,0,11085,11354,11354,269,bigdata_main_node_02
trace,10835,542,2,13742_1,sim,0,10835,11377,11377,542,bigdata_main_node_04
trace,9936,1485,2,11701_1,sim,0,9936,11421,11421,1485,bigdata_main_node_15
trace,9429,2011,2,10779_2,sim,0,9429,11440,11440,2011,bigdata_main_node_06
trace,9429,2012,2,10779_1,sim,0,9429,11441,11441,2012,bigdata_main_node_06
trace,9429,2012,2,10779_3,sim,0,9429,11441,11441,2012,bigdata_main_node_06
trace,9429,2012,2,10779_4,sim,0,9429,11441,11441,2012,bigdata_main_node_06
trace,9431,2011,2,10779_8,sim,0,9431,11442,11442,2011,bigdata_main_node_10
trace,9432,2010,2,10779_5,sim,0,9432,11442,11442,2010,bigdata_main_node_10
trace,9432,2010,2,10779_6,sim,0,9432,11442,11442,2010,bigdata_main_node_10
trace,9432,2010,2,10779_7,sim,0,9432,11442,11442,2010,bigdata_main_node_10
trace,9432,2010,2,10779_11,sim,0,9432,11442,11442,2010,bigdata_main_node_10
trace,9432,2012,2,10779_10,sim,0,9432,11444,11444,2012,bigdata_main_node_10
trace,9433,2011,2,10779_9,sim,0,9433,11444,11444,2011,bigdata_main_node_10
trace,9432,2013,2,10779_12,sim,0,9432,11445,11445,2013,bigdata_main_node_10
trace,11005,472,2,14229_1,sim,0,11005,11477,11477,472,bigdata_main_node_02
trace,11272,316,2,14984_1,sim,0,11272,11588,11588,316,bigdata_main_node_07
trace,11349,239,2,15150_1,sim,0,11349,11588,11588,239,bigdata_main_node_06
trace,11261,332,2,14955_1,sim,0,11261,11593,11593,332,bigdata_main_node_02
trace,11021,579,2,14269_1,sim,0,11021,11600,11600,579,bigdata_main_node_09
trace,11072,529,2,14434_1,sim,0,11072,11601,11601,529,bigdata_main_node_04
trace,9936,1713,2,11704_1,sim,0,9936,11649,11649,1713,bigdata_main_node_15
trace,11103,566,2,14492_1,sim,0,11103,11669,11669,566,bigdata_main_node_18
trace,6074,5599,2,6990_1,sim,0,6074,11673,11673,5599,bigdata_main_node_02
trace,11349,328,2,15153_1,sim,0,11349,11677,11677,328,bigdata_main_node_06
trace,11438,273,2,15301_1,sim,0,11438,11711,11711,273,bigdata_main_node_16
trace,11339,374,2,15139_1,sim,0,11339,11713,11713,374,bigdata_main_node_17
trace,11008,722,2,14241_1,sim,0,11008,11730,11730,722,bigdata_main_node_18
trace,11005,734,2,14231_1,sim,0,11005,11739,11739,734,bigdata_main_node_13
trace,10541,1256,2,12897_1,sim,0,10541,11797,11797,1256,bigdata_main_node_17
trace,11618,218,2,15669_1,sim,0,11618,11836,11836,218,bigdata_main_node_07
trace,11598,254,2,15662_1,sim,0,11598,11852,11852,254,bigdata_main_node_02
trace,11666,195,2,15756_1,sim,0,11666,11861,11861,195,bigdata_main_node_15
trace,10577,1285,2,13033_2,sim,0,10577,11862,11862,1285,bigdata_main_node_18
trace,10578,1284,2,13033_1,sim,0,10578,11862,11862,1284,bigdata_main_node_18
trace,11631,256,2,15694_1,sim,0,11631,11887,11887,256,bigdata_main_node_06
trace,10843,1056,2,13764_1,sim,0,10843,11899,11899,1056,bigdata_main_node_16
trace,11439,462,2,15319_1,sim,0,11439,11901,11901,462,bigdata_main_node_16
trace,11666,245,2,15737_1,sim,0,11666,11911,11911,245,bigdata_main_node_06
trace,11445,491,2,15316_1,sim,0,11445,11936,11936,491,bigdata_main_node_16
trace,10572,1366,2,13036_4,sim,0,10572,11938,11938,1366,bigdata_main_node_02
trace,10269,1675,2,12396_1,sim,0,10269,11944,11944,1675,bigdata_main_node_04
trace,10582,1364,2,13036_1,sim,0,10582,11946,11946,1364,bigdata_main_node_18
trace,10580,1369,2,13036_3,sim,0,10580,11949,11949,1369,bigdata_main_node_18
trace,11757,193,2,15974_1,sim,0,11757,11950,11950,193,bigdata_main_node_13
trace,10582,1369,2,13036_2,sim,0,10582,11951,11951,1369,bigdata_main_node_18
trace,11433,531,2,15299_1,sim,0,11433,11964,11964,531,bigdata_main_node_15
trace,11676,291,2,15759_1,sim,0,11676,11967,11967,291,bigdata_main_node_18
trace,11673,309,2,15754_1,sim,0,11673,11982,11982,309,bigdata_main_node_02
trace,11342,643,2,15144_2,sim,0,11342,11985,11985,643,bigdata_main_node_17
trace,11343,642,2,15144_1,sim,0,11343,11985,11985,642,bigdata_main_node_17
trace,9915,2078,2,11684_2,sim,0,9915,11993,11993,2078,bigdata_main_node_09
trace,9922,2077,2,11684_3,sim,0,9922,11999,11999,2077,bigdata_main_node_14
trace,9922,2082,2,11684_4,sim,0,9922,12004,12004,2082,bigdata_main_node_14
trace,9922,2086,2,11684_1,sim,0,9922,12008,12008,2086,bigdata_main_node_14
trace,11294,717,2,15031_1,sim,0,11294,12011,12011,717,bigdata_main_node_18
trace,11625,390,2,15683_1,sim,0,11625,12015,12015,390,bigdata_main_node_06
trace,11815,211,2,16069_1,sim,0,11815,12026,12026,211,bigdata_main_node_03
trace,11723,321,2,15890_1,sim,0,11723,12044,12044,321,bigdata_main_node_06
trace,11864,207,2,16185_1,sim,0,11864,12071,12071,207,bigdata_main_node_02
trace,8152,3937,2,9351_1,sim,0,8152,12089,12089,3937,bigdata_main_node_02
trace,8152,3938,2,9351_2,sim,0,8152,12090,12090,3938,bigdata_main_node_03
trace,11900,190,2,16322_1,sim,0,11900,12090,12090,190,bigdata_main_node_16
trace,8152,3939,2,9351_3,sim,0,8152,12091,12091,3939,bigdata_main_node_03
trace,11894,226,2,16295_1,sim,0,11894,12120,12120,226,bigdata_main_node_06
trace,11932,190,2,16409_1,sim,0,11932,12122,12122,190,bigdata_main_node_03
trace,11928,206,2,16398_1,sim,0,11928,12134,12134,206,bigdata_main_node_03
trace,11912,238,2,16361_1,sim,0,11912,12150,12150,238,bigdata_main_node_06
trace,11103,1064,2,14489_1,sim,0,11103,12167,12167,1064,bigdata_main_node_04
trace,9718,2489,2,11341_1,sim,0,9718,12207,12207,2489,bigdata_main_node_06
trace,9718,2489,2,11341_3,sim,0,9718,12207,12207,2489,bigdata_main_node_13
trace,9514,2698,2,10939_3,sim,0,9514,12212,12212,2698,bigdata_main_node_12
trace,9514,2698,2,10939_4,sim,0,9514,12212,12212,2698,bigdata_main_node_12
trace,9515,2699,2,10939_5,sim,0,9515,12214,12214,2699,bigdata_main_node_12
trace,9515,2699,2,10939_7,sim,0,9515,12214,12214,2699,bigdata_main_node_12
trace,9516,2698,2,10939_10,sim,0,9516,12214,12214,2698,bigdata_main_node_13
trace,9516,2700,2,10939_9,sim,0,9516,12216,12216,2700,bigdata_main_node_13
trace,9516,2700,2,10939_12,sim,0,9516,12216,12216,2700,bigdata_main_node_13
trace,9514,2703,2,10939_1,sim,0,9514,12217,12217,2703,bigdata_main_node_05
trace,9713,2504,2,11341_2,sim,0,9713,12217,12217,2504,bigdata_main_node_07
trace,9514,2707,2,10939_2,sim,0,9514,12221,12221,2707,bigdata_main_node_12
trace,9514,2707,2,10939_8,sim,0,9514,12221,12221,2707,bigdata_main_node_12
trace,9514,2707,2,10939_11,sim,0,9514,12221,12221,2707,bigdata_main_node_12
trace,9516,2710,2,10939_6,sim,0,9516,12226,12226,2710,bigdata_main_node_12
trace,9979,2274,2,11809_1,sim,0,9979,12253,12253,2274,bigdata_main_node_16
trace,9506,2755,2,10936_2,sim,0,9506,12261,12261,2755,bigdata_main_node_11
trace,9506,2756,2,10936_4,sim,0,9506,12262,12262,2756,bigdata_main_node_11
trace,9505,2758,2,10936_1,sim,0,9505,12263,12263,2758,bigdata_main_node_09
trace,9507,2756,2,10936_7,sim,0,9507,12263,12263,2756,bigdata_main_node_12
trace,9507,2756,2,10936_8,sim,0,9507,12263,12263,2756,bigdata_main_node_12
trace,9508,2755,2,10936_9,sim,0,9508,12263,12263,2755,bigdata_main_node_04
trace,9507,2758,2,10936_5,sim,0,9507,12265,12265,2758,bigdata_main_node_11
trace,9509,2757,2,10936_12,sim,0,9509,12266,12266,2757,bigdata_main_node_12
trace,9509,2758,2,10936_6,sim,0,9509,12267,12267,2758,bigdata_main_node_04
trace,9509,2760,2,10936_10,sim,0,9509,12269,12269,2760,bigdata_main_node_12
trace,9506,2766,2,10936_3,sim,0,9506,12272,12272,2766,bigdata_main_node_11
trace,9511,2763,2,10936_11,sim,0,9511,12274,12274,2763,bigdata_main_node_06
trace,10002,2272,2,11881_3,sim,0,10002,12274,12274,2272,bigdata_main_node_01
trace,10003,2273,2,11881_2,sim,0,10003,12276,12276,2273,bigdata_main_node_06
trace,10045,2232,2,12039_1,sim,0,10045,12277,12277,2232,bigdata_main_node_07
trace,10046,2231,2,12039_2,sim,0,10046,12277,12277,2231,bigdata_main_node_09
trace,10003,2277,2,11881_1,sim,0,10003,12280,12280,2277,bigdata_main_node_04
trace,10050,2234,2,12039_3,sim,0,10050,12284,12284,2234,bigdata_main_node_09
trace,12104,183,2,16668_1,sim,0,12104,12287,12287,183,bigdata_main_node_09
trace,12040,277,2,16557_1,sim,0,12040,12317,12317,277,bigdata_main_node_06
trace,11618,701,2,15667_1,sim,0,11618,12319,12319,701,bigdata_main_node_04
trace,10975,1357,2,14163_1,sim,0,10975,12332,12332,1357,bigdata_main_node_02
trace,9925,2416,2,11686_2,sim,0,9925,12341,12341,2416,bigdata_main_node_14
trace,9920,2422,2,11686_4,sim,0,9920,12342,12342,2422,bigdata_main_node_09
trace,9922,2420,2,11686_1,sim,0,9922,12342,12342,2420,bigdata_main_node_14
trace,10563,1781,2,13000_1,sim,0,10563,12344,12344,1781,bigdata_main_node_18
trace,10565,1781,2,13000_2,sim,0,10565,12346,12346,1781,bigdata_main_node_18
trace,10566,1781,2,13000_3,sim,0,10566,12347,12347,1781,bigdata_main_node_18
trace,9926,2425,2,11686_3,sim,0,9926,12351,12351,2425,bigdata_main_node_14
trace,10777,1590,2,13623_1,sim,0,10777,12367,12367,1590,bigdata_main_node_03
trace,10777,1590,2,13623_2,sim,0,10777,12367,12367,1590,bigdata_main_node_04
trace,10780,1588,2,13623_3,sim,0,10780,12368,12368,1588,bigdata_main_node_04
trace,11280,1114,2,14998_2,sim,0,11280,12394,12394,1114,bigdata_main_node_10
trace,11280,1114,2,14998_3,sim,0,11280,12394,12394,1114,bigdata_main_node_18
trace,11280,1115,2,14998_1,sim,0,11280,12395,12395,1115,bigdata_main_node_09
trace,11798,621,2,16063_1,sim,0,11798,12419,12419,621,bigdata_main_node_18
trace,11085,1358,2,14475_1,sim,0,11085,12443,12443,1358,bigdata_main_node_08
trace,11371,1093,2,15218_1,sim,0,11371,12464,12464,1093,bigdata_main_node_06
trace,10731,1736,2,13474_1,sim,0,10731,12467,12467,1736,bigdata_main_node_04
trace,11377,1097,2,15218_2,sim,0,11377,12474,12474,1097,bigdata_main_node_04
trace,11730,796,2,15916_1,sim,0,11730,12526,12526,796,bigdata_main_node_16
trace,11851,688,2,16152_1,sim,0,11851,12539,12539,688,bigdata_main_node_03
trace,12291,287,2,16932_1,sim,0,12291,12578,12578,287,bigdata_main_node_07
trace,11082,1509,2,14469_1,sim,0,11082,12591,12591,1509,bigdata_main_node_08
trace,11082,1509,2,14469_2,sim,0,11082,12591,12591,1509,bigdata_main_node_02
trace,11886,706,2,16263_1,sim,0,11886,12592,12592,706,bigdata_main_node_15
trace,11798,812,2,16067_1,sim,0,11798,12610,12610,812,bigdata_main_node_17
trace,11798,812,2,16067_2,sim,0,11798,12610,12610,812,bigdata_main_node_17
trace,12331,332,2,17021_1,sim,0,12331,12663,12663,332,bigdata_main_node_04
trace,12291,389,2,16934_1,sim,0,12291,12680,12680,389,bigdata_main_node_07
trace,11346,1370,2,15148_1,sim,0,11346,12716,12716,1370,bigdata_main_node_13
trace,7436,5320,2,8870_1,sim,0,7436,12756,12756,5320,bigdata_main_node_01
trace,12104,668,2,16666_1,sim,0,12104,12772,12772,668,bigdata_main_node_06
trace,11581,1212,2,15645_1,sim,0,11581,12793,12793,1212,bigdata_main_node_06
trace,12301,506,2,16942_1,sim,0,12301,12807,12807,506,bigdata_main_node_04
trace,11843,974,2,16148_1,sim,0,11843,12817,12817,974,bigdata_main_node_07
trace,11843,974,2,16148_2,sim,0,11843,12817,12817,974,bigdata_main_node_03
trace,12283,537,2,16924_1,sim,0,12283,12820,12820,537,bigdata_main_node_15
trace,12229,605,2,16851_1,sim,0,12229,12834,12834,605,bigdata_main_node_04
trace,12331,519,2,17023_1,sim,0,12331,12850,12850,519,bigdata_main_node_04
trace,12331,519,2,17023_2,sim,0,12331,12850,12850,519,bigdata_main_node_04
trace,10731,2128,2,13477_1,sim,0,10731,12859,12859,2128,bigdata_main_node_05
trace,10363,2529,2,12566_1,sim,0,10363,12892,12892,2529,bigdata_main_node_08
trace,10364,2528,2,12566_3,sim,0,10364,12892,12892,2528,bigdata_main_node_08
trace,10364,2529,2,12566_6,sim,0,10364,12893,12893,2529,bigdata_main_node_17
trace,10364,2530,2,12566_5,sim,0,10364,12894,12894,2530,bigdata_main_node_08
trace,10366,2528,2,12566_10,sim,0,10366,12894,12894,2528,bigdata_main_node_17
trace,10366,2529,2,12566_12,sim,0,10366,12895,12895,2529,bigdata_main_node_17
trace,10367,2531,2,12566_11,sim,0,10367,12898,12898,2531,bigdata_main_node_17
trace,10364,2535,2,12566_2,sim,0,10364,12899,12899,2535,bigdata_main_node_08
trace,10365,2543,2,12566_9,sim,0,10365,12908,12908,2543,bigdata_main_node_17
trace,10369,2539,2,12566_4,sim,0,10369,12908,12908,2539,bigdata_main_node_17
trace,10365,2551,2,12566_8,sim,0,10365,12916,12916,2551,bigdata_main_node_17
trace,10365,2552,2,12566_7,sim,0,10365,12917,12917,2552,bigdata_main_node_17
trace,11618,1354,2,15672_1,sim,0,11618,12972,12972,1354,bigdata_main_node_09
trace,12033,943,2,16536_1,sim,0,12033,12976,12976,943,bigdata_main_node_03
trace,12033,943,2,16536_2,sim,0,12033,12976,12976,943,bigdata_main_node_04
trace,9926,3057,2,11689_3,sim,0,9926,12983,12983,3057,bigdata_main_node_14
trace,12296,693,2,16939_1,sim,0,12296,12989,12989,693,bigdata_main_node_17
trace,12296,693,2,16939_2,sim,0,12296,12989,12989,693,bigdata_main_node_17
trace,9929,3066,2,11689_2,sim,0,9929,12995,12995,3066,bigdata_main_node_15
trace,9926,3074,2,11689_4,sim,0,9926,13000,13000,3074,bigdata_main_node_14
trace,9933,3068,2,11689_1,sim,0,9933,13001,13001,3068,bigdata_main_node_15
trace,12756,268,2,17493_1,sim,0,12756,13024,13024,268,bigdata_main_node_15
trace,12795,247,2,17670_1,sim,0,12795,13042,13042,247,bigdata_main_node_11
trace,12795,247,2,17670_4,sim,0,12795,13042,13042,247,bigdata_main_node_16
trace,12795,248,2,17670_2,sim,0,12795,13043,13043,248,bigdata_main_node_11
trace,12795,248,2,17670_3,sim,0,12795,13043,13043,248,bigdata_main_node_16
trace,9923,3136,2,11694_4,sim,0,9923,13059,13059,3136,bigdata_main_node_14
trace,9930,3130,2,11694_3,sim,0,9930,13060,13060,3130,bigdata_main_node_15
trace,9929,3140,2,11694_2,sim,0,9929,13069,13069,3140,bigdata_main_node_15
trace,9926,3147,2,11694_1,sim,0,9926,13073,13073,3147,bigdata_main_node_15
trace,12867,275,2,17924_1,sim,0,12867,13142,13142,275,bigdata_main_node_16
trace,12795,399,2,17665_1,sim,0,12795,13194,13194,399,bigdata_main_node_17
trace,12757,451,2,17514_1,sim,0,12757,13208,13208,451,bigdata_main_node_07
trace,12941,274,2,18077_1,sim,0,12941,13215,13215,274,bigdata_main_node_02
trace,13013,271,2,18248_1,sim,0,13013,13284,13284,271,bigdata_main_node_15
trace,11498,1824,2,15450_2,sim,0,11498,13322,13322,1824,bigdata_main_node_16
trace,11498,1825,2,15450_1,sim,0,11498,13323,13323,1825,bigdata_main_node_02
trace,1629,11707,2,3113_1,sim,0,1629,13336,13336,11707,bigdata_main_node_02
trace,12795,554,2,17662_1,sim,0,12795,13349,13349,554,bigdata_main_node_17
trace,13085,275,2,18448_1,sim,0,13085,13360,13360,275,bigdata_main_node_13
trace,13081,286,2,18430_1,sim,0,13081,13367,13367,286,bigdata_main_node_15
trace,13077,299,2,18426_1,sim,0,13077,13376,13376,299,bigdata_main_node_15
trace,12795,586,2,17659_1,sim,0,12795,13381,13381,586,bigdata_main_node_08
trace,12839,543,2,17830_1,sim,0,12839,13382,13382,543,bigdata_main_node_07
trace,12875,509,2,17961_1,sim,0,12875,13384,13384,509,bigdata_main_node_16
trace,12795,592,2,17667_1,sim,0,12795,13387,13387,592,bigdata_main_node_11
trace,12795,592,2,17667_2,sim,0,12795,13387,13387,592,bigdata_main_node_11
trace,12757,631,2,17517_1,sim,0,12757,13388,13388,631,bigdata_main_node_07
trace,13139,285,2,18517_1,sim,0,13139,13424,13424,285,bigdata_main_node_03
trace,13063,385,2,18394_1,sim,0,13063,13448,13448,385,bigdata_main_node_15
trace,13063,385,2,18394_2,sim,0,13063,13448,13448,385,bigdata_main_node_16
trace,13063,385,2,18394_3,sim,0,13063,13448,13448,385,bigdata_main_node_16
trace,12943,512,2,18085_1,sim,0,12943,13455,13455,512,bigdata_main_node_08
trace,12943,512,2,18085_2,sim,0,12943,13455,13455,512,bigdata_main_node_09
trace,12757,724,2,17519_1,sim,0,12757,13481,13481,724,bigdata_main_node_08
trace,13065,417,2,18399_1,sim,0,13065,13482,13482,417,bigdata_main_node_13
trace,13017,484,2,18251_1,sim,0,13017,13501,13501,484,bigdata_main_node_09
trace,13245,297,2,18907_1,sim,0,13245,13542,13542,297,bigdata_main_node_03
trace,13126,419,2,18481_1,sim,0,13126,13545,13545,419,bigdata_main_node_13
trace,12941,637,2,18080_1,sim,0,12941,13578,13578,637,bigdata_main_node_08
trace,13050,559,2,18362_1,sim,0,13050,13609,13609,559,bigdata_main_node_15
trace,13051,559,2,18362_2,sim,0,13051,13610,13610,559,bigdata_main_node_11
trace,13312,298,2,19077_1,sim,0,13312,13610,13610,298,bigdata_main_node_15
trace,12893,719,2,18003_1,sim,0,12893,13612,13612,719,bigdata_main_node_17
trace,8813,4805,2,10056_1,sim,0,8813,13618,13618,4805,bigdata_main_node_01
trace,12958,674,2,18119_1,sim,0,12958,13632,13632,674,bigdata_main_node_09
trace,13432,216,2,19425_1,sim,0,13432,13648,13648,216,bigdata_main_node_11
trace,13235,425,2,18848_1,sim,0,13235,13660,13660,425,bigdata_main_node_07
trace,13228,447,2,18824_1,sim,0,13228,13675,13675,447,bigdata_main_node_02
trace,13148,530,2,18520_1,sim,0,13148,13678,13678,530,bigdata_main_node_16
trace,11645,2065,2,15718_1,sim,0,11645,13710,13710,2065,bigdata_main_node_06
trace,13415,313,2,19390_1,sim,0,13415,13728,13728,313,bigdata_main_node_02
trace,13541,194,2,19683_1,sim,0,13541,13735,13735,194,bigdata_main_node_08
trace,9925,3824,2,11692_1,sim,0,9925,13749,13749,3824,bigdata_main_node_14
trace,9926,3825,2,11692_3,sim,0,9926,13751,13751,3825,bigdata_main_node_14
trace,9926,3834,2,11692_4,sim,0,9926,13760,13760,3834,bigdata_main_node_14
trace,9931,3835,2,11692_2,sim,0,9931,13766,13766,3835,bigdata_main_node_15
trace,13529,237,2,19664_1,sim,0,13529,13766,13766,237,bigdata_main_node_13
trace,13126,663,2,18479_1,sim,0,13126,13789,13789,663,bigdata_main_node_13
trace,13417,380,2,19419_1,sim,0,13417,13797,13797,380,bigdata_main_node_02
trace,13454,358,2,19505_1,sim,0,13454,13812,13812,358,bigdata_main_node_03
trace,13589,230,2,19795_1,sim,0,13589,13819,13819,230,bigdata_main_node_08
trace,13412,420,2,19387_1,sim,0,13412,13832,13832,420,bigdata_main_node_07
trace,13017,818,2,18256_1,sim,0,13017,13835,13835,818,bigdata_main_node_09
trace,13318,523,2,19080_1,sim,0,13318,13841,13841,523,bigdata_main_node_03
trace,13611,259,2,19856_1,sim,0,13611,13870,13870,259,bigdata_main_node_11
trace,13593,281,2,19798_1,sim,0,13593,13874,13874,281,bigdata_main_node_16
trace,13635,246,2,19911_1,sim,0,13635,13881,13881,246,bigdata_main_node_09
trace,12949,937,2,18093_1,sim,0,12949,13886,13886,937,bigdata_main_node_09
trace,12977,919,2,18174_1,sim,0,12977,13896,13896,919,bigdata_main_node_09
trace,12977,919,2,18174_2,sim,0,12977,13896,13896,919,bigdata_main_node_09
trace,13566,343,2,19759_1,sim,0,13566,13909,13909,343,bigdata_main_node_08
trace,13566,343,2,19759_3,sim,0,13566,13909,13909,343,bigdata_main_node_13
trace,13572,343,2,19759_4,sim,0,13572,13915,13915,343,bigdata_main_node_15
trace,13573,342,2,19759_2,sim,0,13573,13915,13915,342,bigdata_main_node_15
trace,13424,500,2,19417_1,sim,0,13424,13924,13924,500,bigdata_main_node_11
trace,13733,211,2,20240_1,sim,0,13733,13944,13944,211,bigdata_main_node_16
trace,13729,224,2,20234_1,sim,0,13729,13953,13953,224,bigdata_main_node_02
trace,13778,201,2,20362_1,sim,0,13778,13979,13979,201,bigdata_main_node_13
trace,13382,609,2,19310_1,sim,0,13382,13991,13991,609,bigdata_main_node_07
trace,13382,609,2,19310_2,sim,0,13382,13991,13991,609,bigdata_main_node_08
trace,13366,645,2,19257_1,sim,0,13366,14011,14011,645,bigdata_main_node_13
trace,13663,366,2,19981_1,sim,0,13663,14029,14029,366,bigdata_main_node_07
trace,13279,786,2,18990_1,sim,0,13279,14065,14065,786,bigdata_main_node_03
trace,13756,349,2,20295_1,sim,0,13756,14105,14105,349,bigdata_main_node_16
trace,13454,654,2,19507_1,sim,0,13454,14108,14108,654,bigdata_main_node_03
trace,13454,654,2,19507_2,sim,0,13454,14108,14108,654,bigdata_main_node_03
trace,13884,234,2,20478_1,sim,0,13884,14118,14118,234,bigdata_main_node_11
trace,13278,849,2,18992_1,sim,0,13278,14127,14127,849,bigdata_main_node_03
trace,13805,329,2,20389_1,sim,0,13805,14134,14134,329,bigdata_main_node_02
trace,13612,534,2,19859_1,sim,0,13612,14146,14146,534,bigdata_main_node_15
trace,13846,300,2,20461_1,sim,0,13846,14146,14146,300,bigdata_main_node_03
trace,13834,333,2,20432_1,sim,0,13834,14167,14167,333,bigdata_main_node_07
trace,13811,381,2,20387_1,sim,0,13811,14192,14192,381,bigdata_main_node_05
trace,13846,349,2,20463_1,sim,0,13846,14195,14195,349,bigdata_main_node_08
trace,13884,316,2,20475_1,sim,0,13884,14200,14200,316,bigdata_main_node_09
trace,13940,270,2,20511_1,sim,0,13940,14210,14210,270,bigdata_main_node_11
trace,9929,4285,2,11697_1,sim,0,9929,14214,14214,4285,bigdata_main_node_15
trace,9929,4285,2,11697_2,sim,0,9929,14214,14214,4285,bigdata_main_node_15
trace,13849,365,2,20467_1,sim,0,13849,14214,14214,365,bigdata_main_node_09
trace,14004,211,2,20546_1,sim,0,14004,14215,14215,211,bigdata_main_node_15
trace,13948,276,2,20521_1,sim,0,13948,14224,14224,276,bigdata_main_node_15
trace,9932,4296,2,11697_3,sim,0,9932,14228,14228,4296,bigdata_main_node_15
trace,11362,2867,2,15187_1,sim,0,11362,14229,14229,2867,bigdata_main_node_02
trace,9933,4300,2,11697_4,sim,0,9933,14233,14233,4300,bigdata_main_node_15
trace,13053,1180,2,18365_1,sim,0,13053,14233,14233,1180,bigdata_main_node_11
trace,13792,466,2,20381_1,sim,0,13792,14258,14258,466,bigdata_main_node_13
trace,13805,461,2,20392_1,sim,0,13805,14266,14266,461,bigdata_main_node_15
trace,13934,339,2,20508_1,sim,0,13934,14273,14273,339,bigdata_main_node_08
trace,13106,1188,2,18469_1,sim,0,13106,14294,14294,1188,bigdata_main_node_13
trace,13106,1188,2,18469_2,sim,0,13106,14294,14294,1188,bigdata_main_node_13
trace,12867,1445,2,17919_1,sim,0,12867,14312,14312,1445,bigdata_main_node_15
trace,12997,1321,2,18197_1,sim,0,12997,14318,14318,1321,bigdata_main_node_15
trace,14040,316,2,20563_1,sim,0,14040,14356,14356,316,bigdata_main_node_05
trace,14018,364,2,20553_1,sim,0,14018,14382,14382,364,bigdata_main_node_16
trace,11908,2500,2,16357_1,sim,0,11908,14408,14408,2500,bigdata_main_node_16
trace,12925,1493,2,18063_1,sim,0,12925,14418,14418,1493,bigdata_main_node_02
trace,14158,284,2,20596_1,sim,0,14158,14442,14442,284,bigdata_main_node_02
trace,13159,1294,2,18573_1,sim,0,13159,14453,14453,1294,bigdata_main_node_03
trace,14023,456,2,20558_1,sim,0,14023,14479,14479,456,bigdata_main_node_09
trace,14073,412,2,20572_1,sim,0,14073,14485,14485,412,bigdata_main_node_10
trace,13759,746,2,20301_1,sim,0,13759,14505,14505,746,bigdata_main_node_05
trace,13764,744,2,20301_2,sim,0,13764,14508,14508,744,bigdata_main_node_05
trace,13717,818,2,20188_1,sim,0,13717,14535,14535,818,bigdata_main_node_11
trace,13717,818,2,20188_2,sim,0,13717,14535,14535,818,bigdata_main_node_15
trace,12886,1665,2,17985_1,sim,0,12886,14551,14551,1665,bigdata_main_node_02
trace,12886,1667,2,17985_2,sim,0,12886,14553,14553,1667,bigdata_main_node_02
trace,12886,1667,2,17985_3,sim,0,12886,14553,14553,1667,bigdata_main_node_02
trace,12886,1667,2,17985_4,sim,0,12886,14553,14553,1667,bigdata_main_node_02
trace,12943,1619,2,18083_1,sim,0,12943,14562,14562,1619,bigdata_main_node_08
trace,12943,1619,2,18083_2,sim,0,12943,14562,14562,1619,bigdata_main_node_08
trace,14341,268,2,20670_1,sim,0,14341,14609,14609,268,bigdata_main_node_09
trace,14072,539,2,20570_1,sim,0,14072,14611,14611,539,bigdata_main_node_03
trace,14072,539,2,20570_2,sim,0,14072,14611,14611,539,bigdata_main_node_10
trace,14404,224,2,20693_1,sim,0,14404,14628,14628,224,bigdata_main_node_13
trace,14362,269,2,20676_1,sim,0,14362,14631,14631,269,bigdata_main_node_05
trace,14412,221,2,20705_1,sim,0,14412,14633,14633,221,bigdata_main_node_16
trace,13740,913,2,20269_1,sim,0,13740,14653,14653,913,bigdata_main_node_08
trace,13740,913,2,20269_2,sim,0,13740,14653,14653,913,bigdata_main_node_16
trace,14389,266,2,20691_1,sim,0,14389,14655,14655,266,bigdata_main_node_13
trace,14457,238,2,20722_1,sim,0,14457,14695,14695,238,bigdata_main_node_03
trace,14367,331,2,20679_1,sim,0,14367,14698,14698,331,bigdata_main_node_11
trace,14018,699,2,20555_1,sim,0,14018,14717,14717,699,bigdata_main_node_16
trace,14018,700,2,20555_2,sim,0,14018,14718,14718,700,bigdata_main_node_09
trace,14466,255,2,20728_1,sim,0,14466,14721,14721,255,bigdata_main_node_03
trace,13563,1159,2,19756_3,sim,0,13563,14722,14722,1159,bigdata_main_node_03
trace,14336,390,2,20662_1,sim,0,14336,14726,14726,390,bigdata_main_node_08
trace,13569,1159,2,19756_1,sim,0,13569,14728,14728,1159,bigdata_main_node_09
trace,13569,1159,2,19756_2,sim,0,13569,14728,14728,1159,bigdata_main_node_09
trace,13569,1159,2,19756_4,sim,0,13569,14728,14728,1159,bigdata_main_node_15
trace,14530,198,2,20762_1,sim,0,14530,14728,14728,198,bigdata_main_node_03
trace,14490,268,2,20741_1,sim,0,14490,14758,14758,268,bigdata_main_node_03
trace,14383,377,2,20684_1,sim,0,14383,14760,14760,377,bigdata_main_node_16
trace,14487,278,2,20738_1,sim,0,14487,14765,14765,278,bigdata_main_node_09
trace,14404,384,2,20696_1,sim,0,14404,14788,14788,384,bigdata_main_node_03
trace,14056,772,2,20566_1,sim,0,14056,14828,14828,772,bigdata_main_node_05
trace,14341,497,2,20665_1,sim,0,14341,14838,14838,497,bigdata_main_node_08
trace,14298,562,2,20650_1,sim,0,14298,14860,14860,562,bigdata_main_node_05
trace,14298,562,2,20650_2,sim,0,14298,14860,14860,562,bigdata_main_node_07
trace,14556,310,2,20767_1,sim,0,14556,14866,14866,310,bigdata_main_node_11
trace,14613,258,2,20809_1,sim,0,14613,14871,14871,258,bigdata_main_node_03
trace,14622,255,2,20827_1,sim,0,14622,14877,14877,255,bigdata_main_node_10
trace,14566,362,2,20777_1,sim,0,14566,14928,14928,362,bigdata_main_node_05
trace,14608,327,2,20803_1,sim,0,14608,14935,14935,327,bigdata_main_node_02
trace,14618,327,2,20816_1,sim,0,14618,14945,14945,327,bigdata_main_node_10
trace,14618,341,2,20819_1,sim,0,14618,14959,14959,341,bigdata_main_node_10
trace,14594,377,2,20793_1,sim,0,14594,14971,14971,377,bigdata_main_node_08
trace,14622,356,2,20824_1,sim,0,14622,14978,14978,356,bigdata_main_node_10
trace,14617,367,2,20821_1,sim,0,14617,14984,14984,367,bigdata_main_node_09
trace,14587,401,2,20790_1,sim,0,14587,14988,14988,401,bigdata_main_node_08
trace,14656,333,2,20835_1,sim,0,14656,14989,14989,333,bigdata_main_node_05
trace,14656,343,2,20837_1,sim,0,14656,14999,14999,343,bigdata_main_node_08
trace,14691,320,2,20862_1,sim,0,14691,15011,15011,320,bigdata_main_node_16
trace,13991,1024,2,20544_2,sim,0,13991,15015,15015,1024,bigdata_main_node_02
trace,13998,1022,2,20544_3,sim,0,13998,15020,15020,1022,bigdata_main_node_08
trace,13998,1023,2,20544_1,sim,0,13998,15021,15021,1023,bigdata_main_node_07
trace,13998,1023,2,20544_4,sim,0,13998,15021,15021,1023,bigdata_main_node_13
trace,14832,197,2,20933_1,sim,0,14832,15029,15029,197,bigdata_main_node_05
trace,9030,6029,2,10149_1,sim,0,9030,15059,15059,6029,bigdata_main_node_08
trace,14608,457,2,20801_1,sim,0,14608,15065,15065,457,bigdata_main_node_02
trace,14584,487,2,20787_1,sim,0,14584,15071,15071,487,bigdata_main_node_05
trace,14698,387,2,20870_1,sim,0,14698,15085,15085,387,bigdata_main_node_11
trace,14819,292,2,20921_1,sim,0,14819,15111,15111,292,bigdata_main_node_03
trace,14733,382,2,20882_1,sim,0,14733,15115,15115,382,bigdata_main_node_08
trace,14733,384,2,20885_1,sim,0,14733,15117,15117,384,bigdata_main_node_16
trace,14744,413,2,20894_1,sim,0,14744,15157,15157,413,bigdata_main_node_03
trace,14662,505,2,20843_2,sim,0,14662,15167,15167,505,bigdata_main_node_13
trace,14120,1056,2,20580_2,sim,0,14120,15176,15176,1056,bigdata_main_node_16
trace,14668,508,2,20843_1,sim,0,14668,15176,15176,508,bigdata_main_node_16
trace,14120,1057,2,20580_1,sim,0,14120,15177,15177,1057,bigdata_main_node_11
trace,14348,854,2,20673_1,sim,0,14348,15202,15202,854,bigdata_main_node_09
trace,14348,854,2,20673_2,sim,0,14348,15202,15202,854,bigdata_main_node_11
trace,14698,506,2,20868_1,sim,0,14698,15204,15204,506,bigdata_main_node_03
trace,14294,915,2,20648_1,sim,0,14294,15209,15209,915,bigdata_main_node_02
trace,14029,1182,2,20561_1,sim,0,14029,15211,15211,1182,bigdata_main_node_07
trace,14029,1182,2,20561_2,sim,0,14029,15211,15211,1182,bigdata_main_node_09
trace,14031,1181,2,20561_3,sim,0,14031,15212,15212,1181,bigdata_main_node_05
trace,14984,228,2,21009_1,sim,0,14984,15212,15212,228,bigdata_main_node_03
trace,14031,1183,2,20561_4,sim,0,14031,15214,15214,1183,bigdata_main_node_05
trace,14984,235,2,21014_1,sim,0,14984,15219,15219,235,bigdata_main_node_07
trace,14845,382,2,20936_1,sim,0,14845,15227,15227,382,bigdata_main_node_08
trace,14984,263,2,21020_1,sim,0,14984,15247,15247,263,bigdata_main_node_08
trace,14751,499,2,20897_1,sim,0,14751,15250,15250,499,bigdata_main_node_09
trace,13859,1398,2,20470_1,sim,0,13859,15257,15257,1398,bigdata_main_node_05
trace,14949,313,2,20996_1,sim,0,14949,15262,15262,313,bigdata_main_node_02
trace,14984,300,2,21025_1,sim,0,14984,15284,15284,300,bigdata_main_node_11
trace,15046,240,2,21054_1,sim,0,15046,15286,15286,240,bigdata_main_node_13
trace,15051,258,2,21056_1,sim,0,15051,15309,15309,258,bigdata_main_node_16
trace,9384,5970,2,10702_2,sim,0,9384,15354,15354,5970,bigdata_main_node_03
trace,9385,5969,2,10702_1,sim,0,9385,15354,15354,5969,bigdata_main_node_04
trace,9385,5969,2,10702_3,sim,0,9385,15354,15354,5969,bigdata_main_node_07
trace,9385,5969,2,10702_4,sim,0,9385,15354,15354,5969,bigdata_main_node_07
trace,15065,310,2,21059_1,sim,0,15065,15375,15375,310,bigdata_main_node_02
trace,14013,1367,2,20549_1,sim,0,14013,15380,15380,1367,bigdata_main_node_13
trace,15088,328,2,21067_1,sim,0,15088,15416,15416,328,bigdata_main_node_09
trace,15132,284,2,21078_1,sim,0,15132,15416,15416,284,bigdata_main_node_03
trace,15190,243,2,21175_1,sim,0,15190,15433,15433,243,bigdata_main_node_13
trace,9824,5613,2,11473_2,sim,0,9824,15437,15437,5613,bigdata_main_node_13
trace,9824,5613,2,11473_3,sim,0,9824,15437,15437,5613,bigdata_main_node_06
trace,9824,5621,2,11473_1,sim,0,9824,15445,15445,5621,bigdata_main_node_01
trace,9827,5621,2,11473_4,sim,0,9827,15448,15448,5621,bigdata_main_node_08
trace,15210,247,2,21229_1,sim,0,15210,15457,15457,247,bigdata_main_node_02
trace,15247,218,2,21284_1,sim,0,15247,15465,15465,218,bigdata_main_node_11
trace,9942,5525,2,11718_3,sim,0,9942,15467,15467,5525,bigdata_main_node_16
trace,9942,5526,2,11718_4,sim,0,9942,15468,15468,5526,bigdata_main_node_16
trace,9941,5531,2,11718_1,sim,0,9941,15472,15472,5531,bigdata_main_node_16
trace,9947,5526,2,11724_4,sim,0,9947,15473,15473,5526,bigdata_main_node_03
trace,14738,735,2,20887_1,sim,0,14738,15473,15473,735,bigdata_main_node_03
trace,14738,736,2,20887_2,sim,0,14738,15474,15474,736,bigdata_main_node_03
trace,9940,5535,2,11718_2,sim,0,9940,15475,15475,5535,bigdata_main_node_16
trace,9953,5524,2,11724_3,sim,0,9953,15477,15477,5524,bigdata_main_node_16
trace,15299,184,2,21489_1,sim,0,15299,15483,15483,184,bigdata_main_node_02
trace,9952,5534,2,11724_1,sim,0,9952,15486,15486,5534,bigdata_main_node_16
trace,15185,302,2,21142_1,sim,0,15185,15487,15487,302,bigdata_main_node_11
trace,9958,5534,2,11724_2,sim,0,9958,15492,15492,5534,bigdata_main_node_10
trace,11413,4081,2,15256_1,sim,0,11413,15494,15494,4081,bigdata_main_node_06
trace,14436,1082,2,20718_1,sim,0,14436,15518,15518,1082,bigdata_main_node_02
trace,15325,197,2,21578_1,sim,0,15325,15522,15522,197,bigdata_main_node_10
trace,14442,1082,2,20718_2,sim,0,14442,15524,15524,1082,bigdata_main_node_02
trace,15339,189,2,21584_1,sim,0,15339,15528,15528,189,bigdata_main_node_05
trace,14603,933,2,20806_1,sim,0,14603,15536,15536,933,bigdata_main_node_02
trace,13812,1725,2,20395_1,sim,0,13812,15537,15537,1725,bigdata_main_node_03
trace,14608,934,2,20806_2,sim,0,14608,15542,15542,934,bigdata_main_node_10
trace,15354,195,2,21586_1,sim,0,15354,15549,15549,195,bigdata_main_node_03
trace,15380,187,2,21599_1,sim,0,15380,15567,15567,187,bigdata_main_node_02
trace,15040,554,2,21051_2,sim,0,15040,15594,15594,554,bigdata_main_node_07
trace,9561,6034,2,11024_1,sim,0,9561,15595,15595,6034,bigdata_main_node_09
trace,9562,6033,2,11024_3,sim,0,9562,15595,15595,6033,bigdata_main_node_13
trace,9562,6033,2,11024_4,sim,0,9562,15595,15595,6033,bigdata_main_node_13
trace,15040,556,2,21051_1,sim,0,15040,15596,15596,556,bigdata_main_node_02
trace,15407,197,2,21609_1,sim,0,15407,15604,15604,197,bigdata_main_node_05
trace,9562,6048,2,11024_2,sim,0,9562,15610,15610,6048,bigdata_main_node_13
trace,15397,230,2,21605_1,sim,0,15397,15627,15627,230,bigdata_main_node_13
trace,15354,284,2,21592_1,sim,0,15354,15638,15638,284,bigdata_main_node_07
trace,15463,192,2,21639_1,sim,0,15463,15655,15655,192,bigdata_main_node_02
trace,14375,1281,2,20682_1,sim,0,14375,15656,15656,1281,bigdata_main_node_13
trace,9907,5750,2,11670_4,sim,0,9907,15657,15657,5750,bigdata_main_node_04
trace,9912,5745,2,11670_2,sim,0,9912,15657,15657,5745,bigdata_main_node_09
trace,9913,5748,2,11670_1,sim,0,9913,15661,15661,5748,bigdata_main_node_09
trace,15430,237,2,21623_1,sim,0,15430,15667,15667,237,bigdata_main_node_09
trace,9916,5752,2,11670_3,sim,0,9916,15668,15668,5752,bigdata_main_node_09
trace,15442,227,2,21631_1,sim,0,15442,15669,15669,227,bigdata_main_node_05
trace,14848,865,2,20939_1,sim,0,14848,15713,15713,865,bigdata_main_node_16
trace,14848,865,2,20939_2,sim,0,14848,15713,15713,865,bigdata_main_node_09
trace,15364,368,2,21594_1,sim,0,15364,15732,15732,368,bigdata_main_node_07
trace,15364,368,2,21594_2,sim,0,15364,15732,15732,368,bigdata_main_node_05
trace,15521,213,2,21680_1,sim,0,15521,15734,15734,213,bigdata_main_node_10
trace,15364,371,2,21594_3,sim,0,15364,15735,15735,371,bigdata_main_node_05
trace,15366,371,2,21594_4,sim,0,15366,15737,15737,371,bigdata_main_node_05
trace,10311,5428,2,12477_4,sim,0,10311,15739,15739,5428,bigdata_main_node_13
trace,10309,5436,2,12477_3,sim,0,10309,15745,15745,5436,bigdata_main_node_13
trace,10308,5440,2,12477_2,sim,0,10308,15748,15748,5440,bigdata_main_node_02
trace,10312,5441,2,12477_1,sim,0,10312,15753,15753,5441,bigdata_main_node_08
trace,15088,671,2,21070_1,sim,0,15088,15759,15759,671,bigdata_main_node_11
trace,15088,672,2,21070_2,sim,0,15088,15760,15760,672,bigdata_main_node_08
trace,15582,186,2,21725_2,sim,0,15582,15768,15768,186,bigdata_main_node_13
trace,15588,183,2,21725_1,sim,0,15588,15771,15771,183,bigdata_main_node_02
trace,15639,203,2,21810_1,sim,0,15639,15842,15842,203,bigdata_main_node_09
trace,15570,298,2,21697_1,sim,0,15570,15868,15868,298,bigdata_main_node_10
trace,15634,241,2,21797_1,sim,0,15634,15875,15875,241,bigdata_main_node_07
trace,15632,263,2,21812_1,sim,0,15632,15895,15895,263,bigdata_main_node_05
trace,15639,272,2,21805_1,sim,0,15639,15911,15911,272,bigdata_main_node_07
trace,15110,825,2,21073_1,sim,0,15110,15935,15935,825,bigdata_main_node_08
trace,15110,825,2,21073_2,sim,0,15110,15935,15935,825,bigdata_main_node_08
trace,15649,295,2,21816_1,sim,0,15649,15944,15944,295,bigdata_main_node_02
trace,15571,389,2,21700_1,sim,0,15571,15960,15960,389,bigdata_main_node_11
trace,15785,186,2,22026_1,sim,0,15785,15971,15971,186,bigdata_main_node_13
trace,15785,186,2,22026_2,sim,0,15785,15971,15971,186,bigdata_main_node_16
trace,15785,186,2,22026_3,sim,0,15785,15971,15971,186,bigdata_main_node_16
trace,15785,186,2,22026_4,sim,0,15785,15971,15971,186,bigdata_main_node_16
trace,15550,422,2,21689_1,sim,0,15550,15972,15972,422,bigdata_main_node_10
trace,15768,227,2,21996_1,sim,0,15768,15995,15995,227,bigdata_main_node_11
trace,15650,346,2,21819_1,sim,0,15650,15996,15996,346,bigdata_main_node_02
trace,15656,345,2,21821_1,sim,0,15656,16001,16001,345,bigdata_main_node_02
trace,15660,345,2,21824_1,sim,0,15660,16005,16005,345,bigdata_main_node_09
trace,15691,315,2,21856_1,sim,0,15691,16006,16006,315,bigdata_main_node_02
trace,15581,435,2,21706_1,sim,0,15581,16016,16016,435,bigdata_main_node_13
trace,15571,447,2,21703_1,sim,0,15571,16018,16018,447,bigdata_main_node_11
trace,15672,378,2,21828_1,sim,0,15672,16050,16050,378,bigdata_main_node_05
trace,15074,985,2,21063_2,sim,0,15074,16059,16059,985,bigdata_main_node_09
trace,15740,319,2,21951_1,sim,0,15740,16059,16059,319,bigdata_main_node_02
trace,15074,987,2,21063_1,sim,0,15074,16061,16061,987,bigdata_main_node_09
trace,15760,308,2,21994_1,sim,0,15760,16068,16068,308,bigdata_main_node_08
trace,15163,930,2,21092_1,sim,0,15163,16093,16093,930,bigdata_main_node_03
trace,15163,930,2,21092_2,sim,0,15163,16093,16093,930,bigdata_main_node_16
trace,15740,374,2,21954_1,sim,0,15740,16114,16114,374,bigdata_main_node_07
trace,13593,2588,2,19801_1,sim,0,13593,16181,16181,2588,bigdata_main_node_16
trace,15740,455,2,21956_1,sim,0,15740,16195,16195,455,bigdata_main_node_10
trace,15995,207,2,22506_1,sim,0,15995,16202,16202,207,bigdata_main_node_02
trace,15891,314,2,22126_1,sim,0,15891,16205,16205,314,bigdata_main_node_07
trace,16001,205,2,22506_2,sim,0,16001,16206,16206,205,bigdata_main_node_10
trace,15313,911,2,21522_1,sim,0,15313,16224,16224,911,bigdata_main_node_11
trace,15313,912,2,21522_2,sim,0,15313,16225,16225,912,bigdata_main_node_13
trace,15780,449,2,22022_1,sim,0,15780,16229,16229,449,bigdata_main_node_02
trace,16023,219,2,22693_1,sim,0,16023,16242,16242,219,bigdata_main_node_08
trace,16121,189,2,23000_1,sim,0,16121,16310,16310,189,bigdata_main_node_09
trace,15910,405,2,22138_1,sim,0,15910,16315,16315,405,bigdata_main_node_05
trace,15415,921,2,21617_1,sim,0,15415,16336,16336,921,bigdata_main_node_05
trace,16007,330,2,22526_1,sim,0,16007,16337,16337,330,bigdata_main_node_09
trace,15416,922,2,21617_2,sim,0,15416,16338,16338,922,bigdata_main_node_03
trace,16001,352,2,22529_1,sim,0,16001,16353,16353,352,bigdata_main_node_13
trace,16118,235,2,22981_1,sim,0,16118,16353,16353,235,bigdata_main_node_03
trace,16126,228,2,23010_1,sim,0,16126,16354,16354,228,bigdata_main_node_02
trace,16007,389,2,22532_1,sim,0,16007,16396,16396,389,bigdata_main_node_08
trace,16187,216,2,23139_1,sim,0,16187,16403,16403,216,bigdata_main_node_11
trace,13940,2479,2,20513_1,sim,0,13940,16419,16419,2479,bigdata_main_node_13
trace,16121,367,2,22984_1,sim,0,16121,16488,16488,367,bigdata_main_node_07
trace,16122,371,2,22984_2,sim,0,16122,16493,16493,371,bigdata_main_node_02
trace,16257,241,2,23321_1,sim,0,16257,16498,16498,241,bigdata_main_node_07
trace,15472,1080,2,21658_2,sim,0,15472,16552,16552,1080,bigdata_main_node_05
trace,15479,1079,2,21658_1,sim,0,15479,16558,16558,1079,bigdata_main_node_08
trace,16299,292,2,23404_1,sim,0,16299,16591,16591,292,bigdata_main_node_02
trace,16288,314,2,23388_1,sim,0,16288,16602,16602,314,bigdata_main_node_08
trace,15550,1062,2,21687_1,sim,0,15550,16612,16612,1062,bigdata_main_node_05
trace,16365,250,2,23536_1,sim,0,16365,16615,16615,250,bigdata_main_node_09
trace,16365,251,2,23536_2,sim,0,16365,16616,16616,251,bigdata_main_node_13
trace,16366,250,2,23536_5,sim,0,16366,16616,16616,250,bigdata_main_node_03
trace,16367,249,2,23536_3,sim,0,16367,16616,16616,249,bigdata_main_node_01
trace,16367,249,2,23536_4,sim,0,16367,16616,16616,249,bigdata_main_node_01
trace,16367,249,2,23536_6,sim,0,16367,16616,16616,249,bigdata_main_node_01
trace,15320,1299,2,21543_1,sim,0,15320,16619,16619,1299,bigdata_main_node_08
trace,16034,586,2,22749_1,sim,0,16034,16620,16620,586,bigdata_main_node_13
trace,16034,586,2,22749_2,sim,0,16034,16620,16620,586,bigdata_main_node_02
trace,15894,727,2,22129_1,sim,0,15894,16621,16621,727,bigdata_main_node_10
trace,16325,296,2,23520_1,sim,0,16325,16621,16621,296,bigdata_main_node_02
trace,16327,294,2,23525_1,sim,0,16327,16621,16621,294,bigdata_main_node_05
trace,16330,295,2,23517_2,sim,0,16330,16625,16625,295,bigdata_main_node_09
trace,16331,294,2,23517_1,sim,0,16331,16625,16625,294,bigdata_main_node_10
trace,16331,295,2,23517_4,sim,0,16331,16626,16626,295,bigdata_main_node_10
trace,16333,293,2,23525_3,sim,0,16333,16626,16626,293,bigdata_main_node_16
trace,16332,295,2,23517_3,sim,0,16332,16627,16627,295,bigdata_main_node_11
trace,16332,295,2,23520_2,sim,0,16332,16627,16627,295,bigdata_main_node_11
trace,16332,295,2,23520_3,sim,0,16332,16627,16627,295,bigdata_main_node_11
trace,16332,295,2,23520_4,sim,0,16332,16627,16627,295,bigdata_main_node_16
trace,16332,295,2,23522_1,sim,0,16332,16627,16627,295,bigdata_main_node_16
trace,16332,295,2,23522_3,sim,0,16332,16627,16627,295,bigdata_main_node_16
trace,16332,295,2,23522_4,sim,0,16332,16627,16627,295,bigdata_main_node_16
trace,16333,294,2,23525_2,sim,0,16333,16627,16627,294,bigdata_main_node_16
trace,16332,296,2,23522_2,sim,0,16332,16628,16628,296,bigdata_main_node_16
trace,16334,294,2,23525_4,sim,0,16334,16628,16628,294,bigdata_main_node_16
trace,16120,511,2,22987_2,sim,0,16120,16631,16631,511,bigdata_main_node_05
trace,16396,235,2,23564_1,sim,0,16396,16631,16631,235,bigdata_main_node_08
trace,16121,512,2,22987_1,sim,0,16121,16633,16633,512,bigdata_main_node_08
trace,16412,222,2,23621_1,sim,0,16412,16634,16634,222,bigdata_main_node_06
trace,16402,235,2,23564_2,sim,0,16402,16637,16637,235,bigdata_main_node_04
trace,16402,235,2,23564_3,sim,0,16402,16637,16637,235,bigdata_main_node_04
trace,16402,236,2,23564_4,sim,0,16402,16638,16638,236,bigdata_main_node_04
trace,16405,233,2,23582_1,sim,0,16405,16638,16638,233,bigdata_main_node_04
trace,16405,233,2,23582_2,sim,0,16405,16638,16638,233,bigdata_main_node_04
trace,16405,233,2,23582_3,sim,0,16405,16638,16638,233,bigdata_main_node_06
trace,16406,232,2,23582_4,sim,0,16406,16638,16638,232,bigdata_main_node_06
trace,16418,222,2,23621_2,sim,0,16418,16640,16640,222,bigdata_main_node_06
trace,16418,222,2,23621_4,sim,0,16418,16640,16640,222,bigdata_main_node_06
trace,16418,224,2,23621_3,sim,0,16418,16642,16642,224,bigdata_main_node_06
trace,16422,220,2,23647_4,sim,0,16422,16642,16642,220,bigdata_main_node_06
trace,16423,219,2,23647_1,sim,0,16423,16642,16642,219,bigdata_main_node_12
trace,16422,221,2,23647_2,sim,0,16422,16643,16643,221,bigdata_main_node_13
trace,16422,221,2,23647_3,sim,0,16422,16643,16643,221,bigdata_main_node_06
trace,16298,355,2,23407_1,sim,0,16298,16653,16653,355,bigdata_main_node_13
trace,8738,7928,2,9887_4,sim,0,8738,16666,16666,7928,bigdata_main_node_07
trace,8734,7933,2,9887_3,sim,0,8734,16667,16667,7933,bigdata_main_node_05
trace,8738,7931,2,9887_1,sim,0,8738,16669,16669,7931,bigdata_main_node_07
trace,8738,7931,2,9887_2,sim,0,8738,16669,16669,7931,bigdata_main_node_07
trace,8819,7850,2,10058_1,sim,0,8819,16669,16669,7850,bigdata_main_node_02
trace,8820,7849,2,10058_4,sim,0,8820,16669,16669,7849,bigdata_main_node_03
trace,8819,7852,2,10058_2,sim,0,8819,16671,16671,7852,bigdata_main_node_02
trace,16411,260,2,23611_1,sim,0,16411,16671,16671,260,bigdata_main_node_06
trace,8820,7852,2,10058_3,sim,0,8820,16672,16672,7852,bigdata_main_node_03
trace,8920,7753,2,10082_4,sim,0,8920,16673,16673,7753,bigdata_main_node_05
trace,8876,7798,2,10071_1,sim,0,8876,16674,16674,7798,bigdata_main_node_07
trace,8876,7799,2,10071_2,sim,0,8876,16675,16675,7799,bigdata_main_node_07
trace,8877,7798,2,10071_3,sim,0,8877,16675,16675,7798,bigdata_main_node_07
trace,8924,7751,2,10082_2,sim,0,8924,16675,16675,7751,bigdata_main_node_08
trace,8877,7799,2,10071_4,sim,0,8877,16676,16676,7799,bigdata_main_node_07
trace,8924,7752,2,10082_1,sim,0,8924,16676,16676,7752,bigdata_main_node_05
trace,8926,7752,2,10082_3,sim,0,8926,16678,16678,7752,bigdata_main_node_08
trace,15318,1361,2,21538_1,sim,0,15318,16679,16679,1361,bigdata_main_node_16
trace,14711,1972,2,20874_1,sim,0,14711,16683,16683,1972,bigdata_main_node_10
trace,16485,214,2,23704_1,sim,0,16485,16699,16699,214,bigdata_main_node_12
trace,16121,592,2,22989_1,sim,0,16121,16713,16713,592,bigdata_main_node_09
trace,16122,599,2,22989_2,sim,0,16122,16721,16721,599,bigdata_main_node_02
trace,16403,321,2,23574_1,sim,0,16403,16724,16724,321,bigdata_main_node_11
trace,15521,1217,2,21683_1,sim,0,15521,16738,16738,1217,bigdata_main_node_02
trace,16366,373,2,23539_1,sim,0,16366,16739,16739,373,bigdata_main_node_03
trace,16361,404,2,23534_1,sim,0,16361,16765,16765,404,bigdata_main_node_05
trace,16563,202,2,23923_1,sim,0,16563,16765,16765,202,bigdata_main_node_08
trace,15318,1458,2,21533_1,sim,0,15318,16776,16776,1458,bigdata_main_node_09
trace,16385,398,2,23550_1,sim,0,16385,16783,16783,398,bigdata_main_node_01
trace,15892,896,2,22132_1,sim,0,15892,16788,16788,896,bigdata_main_node_09
trace,15894,895,2,22132_2,sim,0,15894,16789,16789,895,bigdata_main_node_16
trace,16396,406,2,23571_1,sim,0,16396,16802,16802,406,bigdata_main_node_04
trace,16360,447,2,23542_1,sim,0,16360,16807,16807,447,bigdata_main_node_02
trace,16398,413,2,23562_1,sim,0,16398,16811,16811,413,bigdata_main_node_04
trace,15320,1519,2,21546_1,sim,0,15320,16839,16839,1519,bigdata_main_node_08
trace,14656,2188,2,20840_1,sim,0,14656,16844,16844,2188,bigdata_main_node_13
trace,16411,442,2,23614_1,sim,0,16411,16853,16853,442,bigdata_main_node_06
trace,16619,246,2,23956_1,sim,0,16619,16865,16865,246,bigdata_main_node_02
trace,15318,1586,2,21535_1,sim,0,15318,16904,16904,1586,bigdata_main_node_16
trace,15318,1587,2,21541_1,sim,0,15318,16905,16905,1587,bigdata_main_node_16
trace,15318,1623,2,21525_1,sim,0,15318,16941,16941,1623,bigdata_main_node_07
trace,16552,393,2,23915_1,sim,0,16552,16945,16945,393,bigdata_main_node_12
trace,16485,477,2,23707_1,sim,0,16485,16962,16962,477,bigdata_main_node_12
trace,16688,275,2,24013_1,sim,0,16688,16963,16963,275,bigdata_main_node_03
trace,16671,295,2,24008_1,sim,0,16671,16966,16966,295,bigdata_main_node_03
trace,15313,1657,2,21549_1,sim,0,15313,16970,16970,1657,bigdata_main_node_03
trace,15318,1661,2,21527_1,sim,0,15318,16979,16979,1661,bigdata_main_node_09
trace,16711,273,2,24021_1,sim,0,16711,16984,16984,273,bigdata_main_node_12
trace,16411,612,2,23608_1,sim,0,16411,17023,17023,612,bigdata_main_node_06
trace,15320,1710,2,21551_1,sim,0,15320,17030,17030,1710,bigdata_main_node_08
trace,16721,314,2,24024_1,sim,0,16721,17035,17035,314,bigdata_main_node_09
trace,16394,655,2,23555_1,sim,0,16394,17049,17049,655,bigdata_main_node_01
trace,16394,655,2,23555_2,sim,0,16394,17049,17049,655,bigdata_main_node_04
trace,16394,655,2,23555_3,sim,0,16394,17049,17049,655,bigdata_main_node_04
trace,16385,665,2,23552_1,sim,0,16385,17050,17050,665,bigdata_main_node_01
trace,14758,2314,2,20899_1,sim,0,14758,17072,17072,2314,bigdata_main_node_03
trace,16845,242,2,24156_1,sim,0,16845,17087,17087,242,bigdata_main_node_01
trace,16792,317,2,24096_1,sim,0,16792,17109,17109,317,bigdata_main_node_09
trace,16743,374,2,24044_1,sim,0,16743,17117,17117,374,bigdata_main_node_03
trace,15320,1807,2,21557_1,sim,0,15320,17127,17127,1807,bigdata_main_node_10
trace,16378,753,2,23547_1,sim,0,16378,17131,17131,753,bigdata_main_node_01
trace,16378,753,2,23547_2,sim,0,16378,17131,17131,753,bigdata_main_node_01
trace,16378,753,2,23547_3,sim,0,16378,17131,17131,753,bigdata_main_node_01
trace,16378,753,2,23547_4,sim,0,16378,17131,17131,753,bigdata_main_node_01
trace,16915,221,2,24257_1,sim,0,16915,17136,17136,221,bigdata_main_node_04
trace,15315,1826,2,21567_1,sim,0,15315,17141,17141,1826,bigdata_main_node_07
trace,16862,279,2,24172_1,sim,0,16862,17141,17141,279,bigdata_main_node_01
trace,15313,1843,2,21559_1,sim,0,15313,17156,17156,1843,bigdata_main_node_03
trace,16896,267,2,24243_1,sim,0,16896,17163,17163,267,bigdata_main_node_11
trace,16916,249,2,24262_1,sim,0,16916,17165,17165,249,bigdata_main_node_04
trace,16916,249,2,24262_2,sim,0,16916,17165,17165,249,bigdata_main_node_04
trace,16917,249,2,24262_3,sim,0,16917,17166,17166,249,bigdata_main_node_04
trace,16917,249,2,24262_4,sim,0,16917,17166,17166,249,bigdata_main_node_04
trace,16922,244,2,24277_1,sim,0,16922,17166,17166,244,bigdata_main_node_05
trace,16922,245,2,24277_3,sim,0,16922,17167,17167,245,bigdata_main_node_05
trace,16511,657,2,23831_1,sim,0,16511,17168,17168,657,bigdata_main_node_07
trace,16923,245,2,24277_2,sim,0,16923,17168,17168,245,bigdata_main_node_05
trace,16923,246,2,24277_4,sim,0,16923,17169,17169,246,bigdata_main_node_05
trace,16917,257,2,24267_1,sim,0,16917,17174,17174,257,bigdata_main_node_04
trace,16917,259,2,24267_2,sim,0,16917,17176,17176,259,bigdata_main_node_04
trace,16917,259,2,24267_3,sim,0,16917,17176,17176,259,bigdata_main_node_05
trace,16918,258,2,24267_4,sim,0,16918,17176,17176,258,bigdata_main_node_05
trace,16525,660,2,23897_1,sim,0,16525,17185,17185,660,bigdata_main_node_12
trace,16969,239,2,24317_1,sim,0,16969,17208,17208,239,bigdata_main_node_05
trace,16509,700,2,23808_1,sim,0,16509,17209,17209,700,bigdata_main_node_02
trace,16691,523,2,24016_1,sim,0,16691,17214,17214,523,bigdata_main_node_09
trace,16691,523,2,24016_2,sim,0,16691,17214,17214,523,bigdata_main_node_09
trace,16862,359,2,24175_1,sim,0,16862,17221,17221,359,bigdata_main_node_01
trace,16896,331,2,24241_2,sim,0,16896,17227,17227,331,bigdata_main_node_11
trace,16896,332,2,24241_1,sim,0,16896,17228,17228,332,bigdata_main_node_10
trace,16896,332,2,24241_3,sim,0,16896,17228,17228,332,bigdata_main_node_11
trace,16526,728,2,23889_1,sim,0,16526,17254,17254,728,bigdata_main_node_12
trace,15318,1939,2,21530_1,sim,0,15318,17257,17257,1939,bigdata_main_node_09
trace,15320,1950,2,21554_1,sim,0,15320,17270,17270,1950,bigdata_main_node_08
trace,16735,535,2,24036_1,sim,0,16735,17270,17270,535,bigdata_main_node_12
trace,16529,745,2,23902_1,sim,0,16529,17274,17274,745,bigdata_main_node_12
trace,16402,885,2,23579_1,sim,0,16402,17287,17287,885,bigdata_main_node_04
trace,16996,298,2,24331_1,sim,0,16996,17294,17294,298,bigdata_main_node_03
trace,16555,746,2,23921_1,sim,0,16555,17301,17301,746,bigdata_main_node_12
trace,16367,938,2,23544_1,sim,0,16367,17305,17305,938,bigdata_main_node_01
trace,16521,784,2,23892_1,sim,0,16521,17305,17305,784,bigdata_main_node_12
trace,16676,631,2,24010_1,sim,0,16676,17307,17307,631,bigdata_main_node_03
trace,16854,460,2,24168_1,sim,0,16854,17314,17314,460,bigdata_main_node_01
trace,16979,337,2,24320_1,sim,0,16979,17316,17316,337,bigdata_main_node_09
trace,16525,807,2,23895_1,sim,0,16525,17332,17332,807,bigdata_main_node_12
trace,17072,273,2,24443_1,sim,0,17072,17345,17345,273,bigdata_main_node_03
trace,16404,950,2,23616_1,sim,0,16404,17354,17354,950,bigdata_main_node_04
trace,16896,473,2,24246_1,sim,0,16896,17369,17369,473,bigdata_main_node_11
trace,17141,312,2,24524_1,sim,0,17141,17453,17453,312,bigdata_main_node_03
trace,16402,1059,2,23576_1,sim,0,16402,17461,17461,1059,bigdata_main_node_04
trace,17076,391,2,24451_1,sim,0,17076,17467,17467,391,bigdata_main_node_04
trace,16827,651,2,24145_1,sim,0,16827,17478,17478,651,bigdata_main_node_09
trace,16411,1080,2,23606_1,sim,0,16411,17491,17491,1080,bigdata_main_node_06
trace,17070,423,2,24448_3,sim,0,17070,17493,17493,423,bigdata_main_node_09
trace,17076,417,2,24448_1,sim,0,17076,17493,17493,417,bigdata_main_node_01
trace,17076,417,2,24448_2,sim,0,17076,17493,17493,417,bigdata_main_node_01
trace,16862,770,2,24180_1,sim,0,16862,17632,17632,770,bigdata_main_node_10
trace,16554,1101,2,23918_1,sim,0,16554,17655,17655,1101,bigdata_main_node_12
trace,17079,635,2,24453_1,sim,0,17079,17714,17714,635,bigdata_main_node_04
trace,16914,826,2,24254_1,sim,0,16914,17740,17740,826,bigdata_main_node_13
trace,16914,826,2,24254_2,sim,0,16914,17740,17740,826,bigdata_main_node_13
trace,16915,827,2,24254_3,sim,0,16915,17742,17742,827,bigdata_main_node_13
trace,16868,979,2,24214_1,sim,0,16868,17847,17847,979,bigdata_main_node_10
trace,17299,564,2,24822_1,sim,0,17299,17863,17863,564,bigdata_main_node_03
trace,14595,3305,2,20795_1,sim,0,14595,17900,17900,3305,bigdata_main_node_02
trace,17659,243,2,25930_1,sim,0,17659,17902,17902,243,bigdata_main_node_02
trace,17659,243,2,25930_2,sim,0,17659,17902,17902,243,bigdata_main_node_02
trace,17659,243,2,25930_3,sim,0,17659,17902,17902,243,bigdata_main_node_02
trace,15323,2582,2,21573_1,sim,0,15323,17905,17905,2582,bigdata_main_node_10
trace,16862,1046,2,24178_1,sim,0,16862,17908,17908,1046,bigdata_main_node_10
trace,17625,286,2,25840_1,sim,0,17625,17911,17911,286,bigdata_main_node_05
trace,17625,286,2,25840_2,sim,0,17625,17911,17911,286,bigdata_main_node_05
trace,15322,2590,2,21562_1,sim,0,15322,17912,17912,2590,bigdata_main_node_10
trace,17607,324,2,25800_1,sim,0,17607,17931,17931,324,bigdata_main_node_09
trace,15322,2614,2,21565_1,sim,0,15322,17936,17936,2614,bigdata_main_node_10
trace,17068,884,2,24441_1,sim,0,17068,17952,17952,884,bigdata_main_node_03
trace,15326,2649,2,21581_1,sim,0,15326,17975,17975,2649,bigdata_main_node_10
trace,17166,814,2,24541_1,sim,0,17166,17980,17980,814,bigdata_main_node_11
trace,16903,1104,2,24249_1,sim,0,16903,18007,18007,1104,bigdata_main_node_13
trace,17619,398,2,25829_1,sim,0,17619,18017,18017,398,bigdata_main_node_05
trace,17304,726,2,24832_1,sim,0,17304,18030,18030,726,bigdata_main_node_09
trace,17753,286,2,26149_1,sim,0,17753,18039,18039,286,bigdata_main_node_13
trace,17327,730,2,24877_1,sim,0,17327,18057,18057,730,bigdata_main_node_09
trace,15322,2738,2,21570_1,sim,0,15322,18060,18060,2738,bigdata_main_node_10
trace,17816,250,2,26369_1,sim,0,17816,18066,18066,250,bigdata_main_node_08
trace,16903,1164,2,24251_1,sim,0,16903,18067,18067,1164,bigdata_main_node_13
trace,17752,324,2,26152_1,sim,0,17752,18076,18076,324,bigdata_main_node_13
trace,17299,794,2,24825_1,sim,0,17299,18093,18093,794,bigdata_main_node_11
trace,17157,940,2,24529_1,sim,0,17157,18097,18097,940,bigdata_main_node_03
trace,17158,939,2,24529_2,sim,0,17158,18097,18097,939,bigdata_main_node_04
trace,17159,944,2,24529_3,sim,0,17159,18103,18103,944,bigdata_main_node_09
trace,17701,424,2,26003_1,sim,0,17701,18125,18125,424,bigdata_main_node_01
trace,17166,979,2,24538_1,sim,0,17166,18145,18145,979,bigdata_main_node_10
trace,17803,348,2,26321_1,sim,0,17803,18151,18151,348,bigdata_main_node_08
trace,17283,870,2,24747_1,sim,0,17283,18153,18153,870,bigdata_main_node_10
trace,17287,868,2,24752_1,sim,0,17287,18155,18155,868,bigdata_main_node_11
trace,17659,528,2,25932_1,sim,0,17659,18187,18187,528,bigdata_main_node_02
trace,17659,528,2,25932_2,sim,0,17659,18187,18187,528,bigdata_main_node_02
trace,17660,527,2,25932_3,sim,0,17660,18187,18187,527,bigdata_main_node_01
trace,17681,551,2,25981_1,sim,0,17681,18232,18232,551,bigdata_main_node_01
trace,17863,382,2,26468_1,sim,0,17863,18245,18245,382,bigdata_main_node_06
trace,17854,395,2,26439_1,sim,0,17854,18249,18249,395,bigdata_main_node_12
trace,17858,392,2,26451_1,sim,0,17858,18250,18250,392,bigdata_main_node_12
trace,17619,638,2,25827_1,sim,0,17619,18257,18257,638,bigdata_main_node_05
trace,17628,645,2,25854_1,sim,0,17628,18273,18273,645,bigdata_main_node_02
trace,17799,474,2,26313_1,sim,0,17799,18273,18273,474,bigdata_main_node_07
trace,17653,647,2,25935_3,sim,0,17653,18300,18300,647,bigdata_main_node_02
trace,17874,427,2,26517_1,sim,0,17874,18301,18301,427,bigdata_main_node_06
trace,17798,505,2,26311_1,sim,0,17798,18303,18303,505,bigdata_main_node_07
trace,17659,647,2,25935_2,sim,0,17659,18306,18306,647,bigdata_main_node_02
trace,17660,646,2,25935_1,sim,0,17660,18306,18306,646,bigdata_main_node_01
trace,17881,435,2,26528_1,sim,0,17881,18316,18316,435,bigdata_main_node_06
trace,17857,481,2,26454_1,sim,0,17857,18338,18338,481,bigdata_main_node_12
trace,17949,395,2,26668_1,sim,0,17949,18344,18344,395,bigdata_main_node_02
trace,17976,373,2,26695_1,sim,0,17976,18349,18349,373,bigdata_main_node_10
trace,15744,2606,2,21968_3,sim,0,15744,18350,18350,2606,bigdata_main_node_09
trace,15743,2610,2,21959_3,sim,0,15743,18353,18353,2610,bigdata_main_node_05
trace,15748,2605,2,21963_1,sim,0,15748,18353,18353,2605,bigdata_main_node_02
trace,15748,2605,2,21963_2,sim,0,15748,18353,18353,2605,bigdata_main_node_09
trace,15748,2605,2,21963_3,sim,0,15748,18353,18353,2605,bigdata_main_node_09
trace,15748,2605,2,21965_1,sim,0,15748,18353,18353,2605,bigdata_main_node_09
trace,15749,2604,2,21965_2,sim,0,15749,18353,18353,2604,bigdata_main_node_03
trace,15749,2604,2,21965_3,sim,0,15749,18353,18353,2604,bigdata_main_node_03
trace,15743,2611,2,21959_2,sim,0,15743,18354,18354,2611,bigdata_main_node_05
trace,15749,2606,2,21968_1,sim,0,15749,18355,18355,2606,bigdata_main_node_03
trace,15749,2606,2,21968_2,sim,0,15749,18355,18355,2606,bigdata_main_node_03
trace,15750,2605,2,21971_2,sim,0,15750,18355,18355,2605,bigdata_main_node_03
trace,15751,2604,2,21971_3,sim,0,15751,18355,18355,2604,bigdata_main_node_13
trace,15743,2613,2,21959_1,sim,0,15743,18356,18356,2613,bigdata_main_node_05
trace,15753,2603,2,21973_3,sim,0,15753,18356,18356,2603,bigdata_main_node_13
trace,15753,2603,2,21976_1,sim,0,15753,18356,18356,2603,bigdata_main_node_13
trace,15753,2604,2,21973_2,sim,0,15753,18357,18357,2604,bigdata_main_node_13
trace,15753,2606,2,21973_1,sim,0,15753,18359,18359,2606,bigdata_main_node_08
trace,15753,2606,2,21976_3,sim,0,15753,18359,18359,2606,bigdata_main_node_13
trace,15754,2605,2,21976_2,sim,0,15754,18359,18359,2605,bigdata_main_node_13
trace,15752,2608,2,21971_1,sim,0,15752,18360,18360,2608,bigdata_main_node_13
trace,17609,756,2,25814_1,sim,0,17609,18365,18365,756,bigdata_main_node_09
trace,18083,300,2,26834_1,sim,0,18083,18383,18383,300,bigdata_main_node_13
trace,18008,387,2,26738_1,sim,0,18008,18395,18395,387,bigdata_main_node_13
trace,18075,329,2,26837_1,sim,0,18075,18404,18404,329,bigdata_main_node_08
trace,17875,530,2,26522_1,sim,0,17875,18405,18405,530,bigdata_main_node_06
trace,18203,207,2,27083_2,sim,0,18203,18410,18410,207,bigdata_main_node_01
trace,18203,207,2,27083_4,sim,0,18203,18410,18410,207,bigdata_main_node_08
trace,18206,210,2,27083_1,sim,0,18206,18416,18416,210,bigdata_main_node_09
trace,17601,820,2,25803_1,sim,0,17601,18421,18421,820,bigdata_main_node_03
trace,18082,342,2,26839_1,sim,0,18082,18424,18424,342,bigdata_main_node_10
trace,17799,626,2,26316_1,sim,0,17799,18425,18425,626,bigdata_main_node_07
trace,18209,216,2,27083_3,sim,0,18209,18425,18425,216,bigdata_main_node_11
trace,17862,565,2,26463_1,sim,0,17862,18427,18427,565,bigdata_main_node_06
trace,18082,352,2,26842_1,sim,0,18082,18434,18434,352,bigdata_main_node_09
trace,17625,821,2,25844_1,sim,0,17625,18446,18446,821,bigdata_main_node_02
trace,17798,648,2,26308_1,sim,0,17798,18446,18446,648,bigdata_main_node_07
trace,17855,598,2,26441_1,sim,0,17855,18453,18453,598,bigdata_main_node_12
trace,18082,373,2,26845_1,sim,0,18082,18455,18455,373,bigdata_main_node_09
trace,17941,515,2,26663_1,sim,0,17941,18456,18456,515,bigdata_main_node_09
trace,18238,229,2,27143_1,sim,0,18238,18467,18467,229,bigdata_main_node_16
trace,16520,1950,2,23849_1,sim,0,16520,18470,18470,1950,bigdata_main_node_07
trace,17933,538,2,26648_1,sim,0,17933,18471,18471,538,bigdata_main_node_05
trace,17735,738,2,26117_1,sim,0,17735,18473,18473,738,bigdata_main_node_07
trace,17851,636,2,26457_1,sim,0,17851,18487,18487,636,bigdata_main_node_10
trace,17955,534,2,26674_1,sim,0,17955,18489,18489,534,bigdata_main_node_03
trace,18086,403,2,26847_1,sim,0,18086,18489,18489,403,bigdata_main_node_13
trace,17962,528,2,26687_1,sim,0,17962,18490,18490,528,bigdata_main_node_10
trace,17602,894,2,25795_1,sim,0,17602,18496,18496,894,bigdata_main_node_03
trace,17876,621,2,26525_1,sim,0,17876,18497,18497,621,bigdata_main_node_06
trace,17891,609,2,26583_1,sim,0,17891,18500,18500,609,bigdata_main_node_14
trace,17966,534,2,26679_3,sim,0,17966,18500,18500,534,bigdata_main_node_14
trace,17623,880,2,25833_1,sim,0,17623,18503,18503,880,bigdata_main_node_05
trace,17964,539,2,26679_1,sim,0,17964,18503,18503,539,bigdata_main_node_10
trace,17965,545,2,26679_2,sim,0,17965,18510,18510,545,bigdata_main_node_10
trace,18013,499,2,26735_1,sim,0,18013,18512,18512,499,bigdata_main_node_15
trace,17651,862,2,25905_1,sim,0,17651,18513,18513,862,bigdata_main_node_10
trace,17969,562,2,26690_1,sim,0,17969,18531,18531,562,bigdata_main_node_14
trace,17803,750,2,26324_1,sim,0,17803,18553,18553,750,bigdata_main_node_08
trace,18323,230,2,27236_1,sim,0,18323,18553,18553,230,bigdata_main_node_06
trace,18152,410,2,26973_1,sim,0,18152,18562,18562,410,bigdata_main_node_04
trace,17871,693,2,26512_1,sim,0,17871,18564,18564,693,bigdata_main_node_06
trace,17166,1401,2,24535_1,sim,0,17166,18567,18567,1401,bigdata_main_node_05
trace,18250,327,2,27172_1,sim,0,18250,18577,18577,327,bigdata_main_node_06
trace,17969,614,2,26692_1,sim,0,17969,18583,18583,614,bigdata_main_node_14
trace,18030,578,2,26744_1,sim,0,18030,18608,18608,578,bigdata_main_node_05
trace,18147,461,2,26970_1,sim,0,18147,18608,18608,461,bigdata_main_node_03
trace,18243,386,2,27168_1,sim,0,18243,18629,18629,386,bigdata_main_node_16
trace,17664,971,2,25938_1,sim,0,17664,18635,18635,971,bigdata_main_node_01
trace,17830,810,2,26381_1,sim,0,17830,18640,18640,810,bigdata_main_node_08
trace,18142,498,2,26965_1,sim,0,18142,18640,18640,498,bigdata_main_node_01
trace,17707,937,2,26014_1,sim,0,17707,18644,18644,937,bigdata_main_node_01
trace,18343,301,2,27294_1,sim,0,18343,18644,18644,301,bigdata_main_node_12
trace,17881,766,2,26530_1,sim,0,17881,18647,18647,766,bigdata_main_node_06
trace,18234,418,2,27149_1,sim,0,18234,18652,18652,418,bigdata_main_node_15
trace,18315,337,2,27210_1,sim,0,18315,18652,18652,337,bigdata_main_node_18
trace,17889,766,2,26578_1,sim,0,17889,18655,18655,766,bigdata_main_node_06
trace,17863,802,2,26471_1,sim,0,17863,18665,18665,802,bigdata_main_node_06
trace,18468,197,2,27425_1,sim,0,18468,18665,18665,197,bigdata_main_node_16
trace,18348,322,2,27297_1,sim,0,18348,18670,18670,322,bigdata_main_node_02
trace,18368,312,2,27326_1,sim,0,18368,18680,18680,312,bigdata_main_node_05
trace,17889,801,2,26581_1,sim,0,17889,18690,18690,801,bigdata_main_node_14
trace,17977,757,2,26698_1,sim,0,17977,18734,18734,757,bigdata_main_node_15
trace,18372,363,2,27329_1,sim,0,18372,18735,18735,363,bigdata_main_node_05
trace,16552,2199,2,23913_1,sim,0,16552,18751,18751,2199,bigdata_main_node_05
trace,18412,339,2,27358_1,sim,0,18412,18751,18751,339,bigdata_main_node_08
trace,17971,783,2,26700_1,sim,0,17971,18754,18754,783,bigdata_main_node_15
trace,18006,748,2,26730_1,sim,0,18006,18754,18754,748,bigdata_main_node_15
trace,18407,353,2,27346_1,sim,0,18407,18760,18760,353,bigdata_main_node_06
trace,17985,777,2,26706_1,sim,0,17985,18762,18762,777,bigdata_main_node_11
trace,17977,796,2,26703_1,sim,0,17977,18773,18773,796,bigdata_main_node_15
trace,17791,984,2,26305_1,sim,0,17791,18775,18775,984,bigdata_main_node_13
trace,17978,803,2,26703_2,sim,0,17978,18781,18781,803,bigdata_main_node_15
trace,17863,941,2,26466_1,sim,0,17863,18804,18804,941,bigdata_main_node_03
trace,17857,949,2,26444_1,sim,0,17857,18806,18806,949,bigdata_main_node_12
trace,17966,846,2,26682_3,sim,0,17966,18812,18812,846,bigdata_main_node_14
trace,17967,849,2,26682_2,sim,0,17967,18816,18816,849,bigdata_main_node_14
trace,17969,851,2,26682_1,sim,0,17969,18820,18820,851,bigdata_main_node_14
trace,17967,858,2,26684_2,sim,0,17967,18825,18825,858,bigdata_main_node_14
trace,17969,863,2,26684_3,sim,0,17969,18832,18832,863,bigdata_main_node_14
trace,18450,382,2,27414_1,sim,0,18450,18832,18832,382,bigdata_main_node_02
trace,17967,869,2,26684_1,sim,0,17967,18836,18836,869,bigdata_main_node_14
trace,18410,437,2,27352_1,sim,0,18410,18847,18847,437,bigdata_main_node_01
trace,17858,993,2,26459_1,sim,0,17858,18851,18851,993,bigdata_main_node_12
trace,17856,997,2,26447_1,sim,0,17856,18853,18853,997,bigdata_main_node_12
trace,18417,437,2,27368_1,sim,0,18417,18854,18854,437,bigdata_main_node_09
trace,18607,250,2,27607_3,sim,0,18607,18857,18857,250,bigdata_main_node_09
trace,18607,250,2,27607_4,sim,0,18607,18857,18857,250,bigdata_main_node_10
trace,18600,258,2,27607_1,sim,0,18600,18858,18858,258,bigdata_main_node_09
trace,18607,257,2,27607_2,sim,0,18607,18864,18864,257,bigdata_main_node_09
trace,18476,414,2,27443_1,sim,0,18476,18890,18890,414,bigdata_main_node_07
trace,18563,329,2,27564_1,sim,0,18563,18892,18892,329,bigdata_main_node_04
trace,18096,798,2,26871_1,sim,0,18096,18894,18894,798,bigdata_main_node_11
trace,17875,1020,2,26514_1,sim,0,17875,18895,18895,1020,bigdata_main_node_06
trace,17942,956,2,26666_2,sim,0,17942,18898,18898,956,bigdata_main_node_02
trace,17944,957,2,26666_1,sim,0,17944,18901,18901,957,bigdata_main_node_02
trace,17899,1006,2,26588_1,sim,0,17899,18905,18905,1006,bigdata_main_node_14
trace,18570,335,2,27570_1,sim,0,18570,18905,18905,335,bigdata_main_node_05
trace,17853,1053,2,26436_1,sim,0,17853,18906,18906,1053,bigdata_main_node_12
trace,18552,362,2,27555_1,sim,0,18552,18914,18914,362,bigdata_main_node_14
trace,18416,500,2,27361_1,sim,0,18416,18916,18916,500,bigdata_main_node_09
trace,17875,1059,2,26520_1,sim,0,17875,18934,18934,1059,bigdata_main_node_06
trace,17925,1012,2,26643_1,sim,0,17925,18937,18937,1012,bigdata_main_node_05
trace,18228,716,2,27108_1,sim,0,18228,18944,18944,716,bigdata_main_node_10
trace,18600,350,2,27596_1,sim,0,18600,18950,18950,350,bigdata_main_node_14
trace,18597,366,2,27593_1,sim,0,18597,18963,18963,366,bigdata_main_node_14
trace,18637,333,2,27657_1,sim,0,18637,18970,18970,333,bigdata_main_node_01
trace,18412,559,2,27355_1,sim,0,18412,18971,18971,559,bigdata_main_node_03
trace,18455,517,2,27417_1,sim,0,18455,18972,18972,517,bigdata_main_node_10
trace,18656,325,2,27665_1,sim,0,18656,18981,18981,325,bigdata_main_node_12
trace,17993,991,2,26708_1,sim,0,17993,18984,18984,991,bigdata_main_node_15
trace,17995,995,2,26708_2,sim,0,17995,18990,18990,995,bigdata_main_node_15
trace,17956,1045,2,26676_1,sim,0,17956,19001,19001,1045,bigdata_main_node_10
trace,18376,625,2,27332_1,sim,0,18376,19001,19001,625,bigdata_main_node_05
trace,18362,654,2,27317_1,sim,0,18362,19016,19016,654,bigdata_main_node_02
trace,18739,295,2,27780_1,sim,0,18739,19034,19034,295,bigdata_main_node_05
trace,18434,609,2,27398_1,sim,0,18434,19043,19043,609,bigdata_main_node_03
trace,18656,392,2,27660_1,sim,0,18656,19048,19048,392,bigdata_main_node_08
trace,18589,460,2,27589_1,sim,0,18589,19049,19049,460,bigdata_main_node_14
trace,18600,453,2,27598_1,sim,0,18600,19053,19053,453,bigdata_main_node_09
trace,18698,361,2,27718_1,sim,0,18698,19059,19059,361,bigdata_main_node_14
trace,18622,453,2,27626_1,sim,0,18622,19075,19075,453,bigdata_main_node_05
trace,18488,598,2,27448_1,sim,0,18488,19086,19086,598,bigdata_main_node_10
trace,18904,203,2,27979_1,sim,0,18904,19107,19107,203,bigdata_main_node_04
trace,17090,2026,2,24486_1,sim,0,17090,19116,19116,2026,bigdata_main_node_01
trace,18653,470,2,27662_1,sim,0,18653,19123,19123,470,bigdata_main_node_06
trace,18460,675,2,27422_1,sim,0,18460,19135,19135,675,bigdata_main_node_12
trace,18240,929,2,27154_1,sim,0,18240,19169,19169,929,bigdata_main_node_16
trace,18241,932,2,27154_2,sim,0,18241,19173,19173,932,bigdata_main_node_16
trace,18937,246,2,28052_1,sim,0,18937,19183,19183,246,bigdata_main_node_11
trace,17613,1573,2,25823_1,sim,0,17613,19186,19186,1573,bigdata_main_node_05
trace,18688,519,2,27695_1,sim,0,18688,19207,19207,519,bigdata_main_node_05
trace,17600,1614,2,25788_1,sim,0,17600,19214,19214,1614,bigdata_main_node_11
trace,18403,813,2,27344_1,sim,0,18403,19216,19216,813,bigdata_main_node_03
trace,17028,2189,2,24366_1,sim,0,17028,19217,19217,2189,bigdata_main_node_03
trace,17949,1279,2,26671_1,sim,0,17949,19228,19228,1279,bigdata_main_node_02
trace,18700,529,2,27721_1,sim,0,18700,19229,19229,529,bigdata_main_node_15
trace,18566,680,2,27567_1,sim,0,18566,19246,19246,680,bigdata_main_node_08
trace,18434,861,2,27401_1,sim,0,18434,19295,19295,861,bigdata_main_node_06
trace,18696,607,2,27716_1,sim,0,18696,19303,19303,607,bigdata_main_node_06
trace,18718,600,2,27748_1,sim,0,18718,19318,19318,600,bigdata_main_node_10
trace,18719,606,2,27753_1,sim,0,18719,19325,19325,606,bigdata_main_node_10
trace,18888,449,2,27959_1,sim,0,18888,19337,19337,449,bigdata_main_node_09
trace,18523,825,2,27523_1,sim,0,18523,19348,19348,825,bigdata_main_node_05
trace,18477,877,2,27446_1,sim,0,18477,19354,19354,877,bigdata_main_node_07
trace,18362,994,2,27319_1,sim,0,18362,19356,19356,994,bigdata_main_node_08
trace,18241,1123,2,27152_1,sim,0,18241,19364,19364,1123,bigdata_main_node_16
trace,19029,336,2,28196_1,sim,0,19029,19365,19365,336,bigdata_main_node_01
trace,19045,322,2,28201_1,sim,0,19045,19367,19367,322,bigdata_main_node_03
trace,18243,1133,2,27152_2,sim,0,18243,19376,19376,1133,bigdata_main_node_16
trace,18365,1011,2,27319_2,sim,0,18365,19376,19376,1011,bigdata_main_node_10
trace,18476,923,2,27440_1,sim,0,18476,19399,19399,923,bigdata_main_node_07
trace,18753,646,2,27793_1,sim,0,18753,19399,19399,646,bigdata_main_node_05
trace,18572,830,2,27575_1,sim,0,18572,19402,19402,830,bigdata_main_node_06
trace,18617,788,2,27616_1,sim,0,18617,19405,19405,788,bigdata_main_node_03
trace,18806,602,2,27863_1,sim,0,18806,19408,19408,602,bigdata_main_node_12
trace,18715,704,2,27745_1,sim,0,18715,19419,19419,704,bigdata_main_node_16
trace,19102,317,2,28235_1,sim,0,19102,19419,19419,317,bigdata_main_node_02
trace,18655,781,2,27681_1,sim,0,18655,19436,19436,781,bigdata_main_node_06
trace,18455,986,2,27420_1,sim,0,18455,19441,19441,986,bigdata_main_node_11
trace,18717,748,2,27751_1,sim,0,18717,19465,19465,748,bigdata_main_node_16
trace,19244,228,2,28348_1,sim,0,19244,19472,19472,228,bigdata_main_node_15
trace,18844,630,2,27904_1,sim,0,18844,19474,19474,630,bigdata_main_node_02
trace,19205,281,2,28316_1,sim,0,19205,19486,19486,281,bigdata_main_node_16
trace,18484,1022,2,27451_1,sim,0,18484,19506,19506,1022,bigdata_main_node_09
trace,18720,793,2,27756_1,sim,0,18720,19513,19513,793,bigdata_main_node_10
trace,18820,702,2,27888_1,sim,0,18820,19522,19522,702,bigdata_main_node_13
trace,17707,1816,2,26017_1,sim,0,17707,19523,19523,1816,bigdata_main_node_01
trace,19227,296,2,28339_1,sim,0,19227,19523,19523,296,bigdata_main_node_09
trace,18687,851,2,27698_1,sim,0,18687,19538,19538,851,bigdata_main_node_02
trace,19226,320,2,28330_1,sim,0,19226,19546,19546,320,bigdata_main_node_09
trace,19292,263,2,28365_3,sim,0,19292,19555,19555,263,bigdata_main_node_08
trace,19293,266,2,28365_1,sim,0,19293,19559,19559,266,bigdata_main_node_05
trace,19293,272,2,28365_4,sim,0,19293,19565,19565,272,bigdata_main_node_05
trace,19294,271,2,28365_2,sim,0,19294,19565,19565,271,bigdata_main_node_05
trace,19328,244,2,28377_1,sim,0,19328,19572,19572,244,bigdata_main_node_10
trace,18887,692,2,27951_1,sim,0,18887,19579,19579,692,bigdata_main_node_12
trace,18005,1578,2,26733_1,sim,0,18005,19583,19583,1578,bigdata_main_node_15
trace,19206,382,2,28313_1,sim,0,19206,19588,19588,382,bigdata_main_node_10
trace,18886,745,2,27953_1,sim,0,18886,19631,19631,745,bigdata_main_node_10
trace,19214,490,2,28322_1,sim,0,19214,19704,19704,490,bigdata_main_node_11
trace,19214,491,2,28322_2,sim,0,19214,19705,19705,491,bigdata_main_node_10
trace,19478,263,2,28477_1,sim,0,19478,19741,19741,263,bigdata_main_node_01
trace,19216,532,2,28327_1,sim,0,19216,19748,19748,532,bigdata_main_node_03
trace,18572,1180,2,27572_1,sim,0,18572,19752,19752,1180,bigdata_main_node_06
trace,19218,534,2,28327_2,sim,0,19218,19752,19752,534,bigdata_main_node_09
trace,19080,684,2,28223_1,sim,0,19080,19764,19764,684,bigdata_main_node_15
trace,19217,557,2,28325_2,sim,0,19217,19774,19774,557,bigdata_main_node_03
trace,19547,233,2,28534_1,sim,0,19547,19780,19780,233,bigdata_main_node_09
trace,19218,565,2,28325_1,sim,0,19218,19783,19783,565,bigdata_main_node_10
trace,17704,2096,2,26011_1,sim,0,17704,19800,19800,2096,bigdata_main_node_01
trace,19082,725,2,28229_1,sim,0,19082,19807,19807,725,bigdata_main_node_02
trace,19304,509,2,28371_1,sim,0,19304,19813,19813,509,bigdata_main_node_06
trace,19568,247,2,28539_1,sim,0,19568,19815,19815,247,bigdata_main_node_08
trace,17607,2212,2,25809_1,sim,0,17607,19819,19819,2212,bigdata_main_node_09
trace,17837,1992,2,26399_3,sim,0,17837,19829,19829,1992,bigdata_main_node_08
trace,17832,1998,2,26404_2,sim,0,17832,19830,19830,1998,bigdata_main_node_08
trace,17837,1994,2,26401_3,sim,0,17837,19831,19831,1994,bigdata_main_node_04
trace,17837,1995,2,26399_1,sim,0,17837,19832,19832,1995,bigdata_main_node_08
trace,17837,1995,2,26399_2,sim,0,17837,19832,19832,1995,bigdata_main_node_08
trace,17837,1995,2,26401_2,sim,0,17837,19832,19832,1995,bigdata_main_node_08
trace,17837,1995,2,26401_4,sim,0,17837,19832,19832,1995,bigdata_main_node_04
trace,17838,1994,2,26399_4,sim,0,17838,19832,19832,1994,bigdata_main_node_04
trace,17838,1994,2,26401_1,sim,0,17838,19832,19832,1994,bigdata_main_node_04
trace,17840,1992,2,26404_4,sim,0,17840,19832,19832,1992,bigdata_main_node_04
trace,17842,1990,2,26409_1,sim,0,17842,19832,19832,1990,bigdata_main_node_04
trace,17842,1990,2,26409_3,sim,0,17842,19832,19832,1990,bigdata_main_node_12
trace,17835,1998,2,26407_2,sim,0,17835,19833,19833,1998,bigdata_main_node_08
trace,17839,1994,2,26404_1,sim,0,17839,19833,19833,1994,bigdata_main_node_04
trace,17841,1992,2,26407_4,sim,0,17841,19833,19833,1992,bigdata_main_node_04
trace,17842,1992,2,26409_2,sim,0,17842,19834,19834,1992,bigdata_main_node_04
trace,17843,1992,2,26407_1,sim,0,17843,19835,19835,1992,bigdata_main_node_12
trace,17844,1994,2,26409_4,sim,0,17844,19838,19838,1994,bigdata_main_node_12
trace,17842,1998,2,26407_3,sim,0,17842,19840,19840,1998,bigdata_main_node_04
trace,17842,1999,2,26404_3,sim,0,17842,19841,19841,1999,bigdata_main_node_04
trace,19579,266,2,28553_1,sim,0,19579,19845,19845,266,bigdata_main_node_12
trace,17735,2120,2,26114_1,sim,0,17735,19855,19855,2120,bigdata_main_node_07
trace,18709,1180,2,27743_2,sim,0,18709,19889,19889,1180,bigdata_main_node_01
trace,18710,1186,2,27743_1,sim,0,18710,19896,19896,1186,bigdata_main_node_01
trace,17793,2113,2,26319_3,sim,0,17793,19906,19906,2113,bigdata_main_node_07
trace,17800,2109,2,26319_4,sim,0,17800,19909,19909,2109,bigdata_main_node_07
trace,17799,2112,2,26319_1,sim,0,17799,19911,19911,2112,bigdata_main_node_07
trace,17800,2112,2,26319_2,sim,0,17800,19912,19912,2112,bigdata_main_node_07
trace,19714,223,2,28610_1,sim,0,19714,19937,19937,223,bigdata_main_node_10
trace,19205,733,2,28318_1,sim,0,19205,19938,19938,733,bigdata_main_node_10
trace,19681,274,2,28604_3,sim,0,19681,19955,19955,274,bigdata_main_node_18
trace,19681,274,2,28604_4,sim,0,19681,19955,19955,274,bigdata_main_node_18
trace,19680,278,2,28604_1,sim,0,19680,19958,19958,278,bigdata_main_node_18
trace,19680,279,2,28604_2,sim,0,19680,19959,19959,279,bigdata_main_node_18
trace,19781,200,2,28655_1,sim,0,19781,19981,19981,200,bigdata_main_node_06
trace,19322,667,2,28374_1,sim,0,19322,19989,19989,667,bigdata_main_node_06
trace,19766,236,2,28648_1,sim,0,19766,20002,20002,236,bigdata_main_node_03
trace,19765,256,2,28645_1,sim,0,19765,20021,20021,256,bigdata_main_node_01
trace,18796,1240,2,27850_1,sim,0,18796,20036,20036,1240,bigdata_main_node_15
trace,19554,507,2,28530_1,sim,0,19554,20061,20061,507,bigdata_main_node_16
trace,19843,221,2,28689_1,sim,0,19843,20064,20064,221,bigdata_main_node_01
trace,19876,192,2,28709_1,sim,0,19876,20068,20068,192,bigdata_main_node_15
trace,19859,236,2,28697_1,sim,0,19859,20095,20095,236,bigdata_main_node_07
trace,19225,920,2,28333_1,sim,0,19225,20145,20145,920,bigdata_main_node_09
trace,19988,209,2,28820_1,sim,0,19988,20197,20197,209,bigdata_main_node_06
trace,20032,195,2,28834_1,sim,0,20032,20227,20227,195,bigdata_main_node_12
trace,19957,279,2,28771_1,sim,0,19957,20236,20236,279,bigdata_main_node_10
trace,18776,1498,2,27821_1,sim,0,18776,20274,20274,1498,bigdata_main_node_15
trace,19956,322,2,28764_1,sim,0,19956,20278,20278,322,bigdata_main_node_10
trace,19860,427,2,28699_1,sim,0,19860,20287,20287,427,bigdata_main_node_10
trace,19781,518,2,28652_1,sim,0,19781,20299,20299,518,bigdata_main_node_03
trace,20115,199,2,28865_1,sim,0,20115,20314,20314,199,bigdata_main_node_07
trace,20077,245,2,28853_1,sim,0,20077,20322,20322,245,bigdata_main_node_15
trace,19233,1102,2,28342_1,sim,0,19233,20335,20335,1102,bigdata_main_node_02
trace,19236,1103,2,28342_2,sim,0,19236,20339,20339,1103,bigdata_main_node_09
trace,20063,279,2,28846_1,sim,0,20063,20342,20342,279,bigdata_main_node_16
trace,20063,279,2,28846_2,sim,0,20063,20342,20342,279,bigdata_main_node_18
trace,20064,279,2,28846_4,sim,0,20064,20343,20343,279,bigdata_main_node_18
trace,20064,284,2,28846_3,sim,0,20064,20348,20348,284,bigdata_main_node_01
trace,19921,431,2,28735_1,sim,0,19921,20352,20352,431,bigdata_main_node_07
trace,20049,308,2,28840_1,sim,0,20049,20357,20357,308,bigdata_main_node_15
trace,20139,222,2,28884_1,sim,0,20139,20361,20361,222,bigdata_main_node_08
trace,19921,442,2,28728_1,sim,0,19921,20363,20363,442,bigdata_main_node_07
trace,20201,190,2,28904_1,sim,0,20201,20391,20391,190,bigdata_main_node_06
trace,19595,803,2,28565_1,sim,0,19595,20398,20398,803,bigdata_main_node_16
trace,19540,867,2,28521_1,sim,0,19540,20407,20407,867,bigdata_main_node_06
trace,17701,2724,2,26005_1,sim,0,17701,20425,20425,2724,bigdata_main_node_01
trace,18773,1655,2,27819_1,sim,0,18773,20428,20428,1655,bigdata_main_node_11
trace,18773,1655,2,27819_2,sim,0,18773,20428,20428,1655,bigdata_main_node_15
trace,18777,1665,2,27819_4,sim,0,18777,20442,20442,1665,bigdata_main_node_15
trace,18781,1663,2,27819_3,sim,0,18781,20444,20444,1663,bigdata_main_node_15
trace,20021,431,2,28827_3,sim,0,20021,20452,20452,431,bigdata_main_node_01
trace,20022,432,2,28827_4,sim,0,20022,20454,20454,432,bigdata_main_node_12
trace,20019,436,2,28827_2,sim,0,20019,20455,20455,436,bigdata_main_node_03
trace,20020,435,2,28827_1,sim,0,20020,20455,20455,435,bigdata_main_node_06
trace,20251,204,2,28930_2,sim,0,20251,20455,20455,204,bigdata_main_node_04
trace,20251,204,2,28935_2,sim,0,20251,20455,20455,204,bigdata_main_node_04
trace,20247,209,2,28930_4,sim,0,20247,20456,20456,209,bigdata_main_node_04
trace,20251,205,2,28930_3,sim,0,20251,20456,20456,205,bigdata_main_node_04
trace,20246,212,2,28935_3,sim,0,20246,20458,20458,212,bigdata_main_node_04
trace,20252,206,2,28935_4,sim,0,20252,20458,20458,206,bigdata_main_node_04
trace,20251,208,2,28935_1,sim,0,20251,20459,20459,208,bigdata_main_node_04
trace,20252,211,2,28930_1,sim,0,20252,20463,20463,211,bigdata_main_node_04
trace,20266,205,2,28942_1,sim,0,20266,20471,20471,205,bigdata_main_node_04
trace,20238,263,2,28927_1,sim,0,20238,20501,20501,263,bigdata_main_node_10
trace,20312,217,2,28957_1,sim,0,20312,20529,20529,217,bigdata_main_node_03
trace,20337,242,2,28965_1,sim,0,20337,20579,20579,242,bigdata_main_node_02
trace,20393,202,2,29007_1,sim,0,20393,20595,20595,202,bigdata_main_node_01
trace,20190,408,2,28895_2,sim,0,20190,20598,20598,408,bigdata_main_node_09
trace,20190,408,2,28895_3,sim,0,20190,20598,20598,408,bigdata_main_node_08
trace,20191,408,2,28895_4,sim,0,20191,20599,20599,408,bigdata_main_node_08
trace,20191,409,2,28895_1,sim,0,20191,20600,20600,409,bigdata_main_node_08
trace,20394,227,2,29014_1,sim,0,20394,20621,20621,227,bigdata_main_node_06
trace,20050,584,2,28842_1,sim,0,20050,20634,20634,584,bigdata_main_node_12
trace,20050,585,2,28842_4,sim,0,20050,20635,20635,585,bigdata_main_node_18
trace,20050,586,2,28842_2,sim,0,20050,20636,20636,586,bigdata_main_node_12
trace,20054,590,2,28842_3,sim,0,20054,20644,20644,590,bigdata_main_node_18
trace,20201,469,2,28910_1,sim,0,20201,20670,20670,469,bigdata_main_node_08
trace,20465,210,2,29070_1,sim,0,20465,20675,20675,210,bigdata_main_node_01
trace,19073,1606,2,28221_3,sim,0,19073,20679,20679,1606,bigdata_main_node_12
trace,19074,1607,2,28221_4,sim,0,19074,20681,20681,1607,bigdata_main_node_15
trace,19073,1614,2,28221_1,sim,0,19073,20687,20687,1614,bigdata_main_node_12
trace,19072,1626,2,28221_2,sim,0,19072,20698,20698,1626,bigdata_main_node_08
trace,18403,2303,2,27349_1,sim,0,18403,20706,20706,2303,bigdata_main_node_03
trace,18403,2303,2,27349_2,sim,0,18403,20706,20706,2303,bigdata_main_node_03
trace,18404,2302,2,27349_4,sim,0,18404,20706,20706,2302,bigdata_main_node_08
trace,20493,222,2,29118_1,sim,0,20493,20715,20715,222,bigdata_main_node_03
trace,18408,2312,2,27349_3,sim,0,18408,20720,20720,2312,bigdata_main_node_03
trace,20508,217,2,29138_1,sim,0,20508,20725,20725,217,bigdata_main_node_08
trace,20229,506,2,28917_1,sim,0,20229,20735,20735,506,bigdata_main_node_12
trace,20524,265,2,29163_1,sim,0,20524,20789,20789,265,bigdata_main_node_09
trace,19594,1256,2,28560_1,sim,0,19594,20850,20850,1256,bigdata_main_node_15
trace,20282,582,2,28944_1,sim,0,20282,20864,20864,582,bigdata_main_node_10
trace,20282,582,2,28944_2,sim,0,20282,20864,20864,582,bigdata_main_node_15
trace,17676,3195,2,25968_1,sim,0,17676,20871,20871,3195,bigdata_main_node_01
trace,20201,676,2,28913_1,sim,0,20201,20877,20877,676,bigdata_main_node_08
trace,20702,229,2,29416_1,sim,0,20702,20931,20931,229,bigdata_main_node_10
trace,20747,195,2,29460_1,sim,0,20747,20942,20942,195,bigdata_main_node_10
trace,20702,302,2,29411_1,sim,0,20702,21004,21004,302,bigdata_main_node_09
trace,18531,2477,2,27537_1,sim,0,18531,21008,21008,2477,bigdata_main_node_06
trace,18531,2477,2,27537_2,sim,0,18531,21008,21008,2477,bigdata_main_node_15
trace,18532,2490,2,27537_3,sim,0,18532,21022,21022,2490,bigdata_main_node_03
trace,18533,2489,2,27537_4,sim,0,18533,21022,21022,2489,bigdata_main_node_03
trace,20448,591,2,29052_1,sim,0,20448,21039,21039,591,bigdata_main_node_01
trace,20785,269,2,29566_1,sim,0,20785,21054,21054,269,bigdata_main_node_16
trace,20695,377,2,29413_1,sim,0,20695,21072,21072,377,bigdata_main_node_01
trace,20601,516,2,29245_1,sim,0,20601,21117,21117,516,bigdata_main_node_01
trace,18585,2564,2,27583_1,sim,0,18585,21149,21149,2564,bigdata_main_node_06
trace,19921,1252,2,28725_2,sim,0,19921,21173,21173,1252,bigdata_main_node_07
trace,19653,1525,2,28589_1,sim,0,19653,21178,21178,1525,bigdata_main_node_05
trace,19653,1525,2,28589_4,sim,0,19653,21178,21178,1525,bigdata_main_node_05
trace,19921,1258,2,28725_1,sim,0,19921,21179,21179,1258,bigdata_main_node_09
trace,19653,1527,2,28589_3,sim,0,19653,21180,21180,1527,bigdata_main_node_05
trace,19650,1535,2,28589_2,sim,0,19650,21185,21185,1535,bigdata_main_node_05
trace,21009,209,2,29757_1,sim,0,21009,21218,21218,209,bigdata_main_node_01
trace,19664,1687,2,28592_1,sim,0,19664,21351,21351,1687,bigdata_main_node_18
trace,19538,1823,2,28513_1,sim,0,19538,21361,21361,1823,bigdata_main_node_09
trace,20612,762,2,29279_1,sim,0,20612,21374,21374,762,bigdata_main_node_02
trace,20612,762,2,29279_2,sim,0,20612,21374,21374,762,bigdata_main_node_03
trace,21072,304,2,29962_1,sim,0,21072,21376,21376,304,bigdata_main_node_01
trace,21239,205,2,30303_1,sim,0,21239,21444,21444,205,bigdata_main_node_06
trace,21323,224,2,30475_1,sim,0,21323,21547,21547,224,bigdata_main_node_05
trace,21072,490,2,29965_1,sim,0,21072,21562,21562,490,bigdata_main_node_06
trace,21408,199,2,30641_1,sim,0,21408,21607,21607,199,bigdata_main_node_02
trace,21092,571,2,29998_1,sim,0,21092,21663,21663,571,bigdata_main_node_16
trace,21033,636,2,29844_1,sim,0,21033,21669,21669,636,bigdata_main_node_09
trace,21365,313,2,30552_1,sim,0,21365,21678,21678,313,bigdata_main_node_09
trace,20524,1170,2,29168_1,sim,0,20524,21694,21694,1170,bigdata_main_node_11
trace,21470,239,2,30737_1,sim,0,21470,21709,21709,239,bigdata_main_node_06
trace,21296,492,2,30403_1,sim,0,21296,21788,21788,492,bigdata_main_node_01
trace,21568,222,2,30956_1,sim,0,21568,21790,21790,222,bigdata_main_node_12
trace,21562,238,2,30949_1,sim,0,21562,21800,21800,238,bigdata_main_node_06
trace,19191,2613,2,28310_1,sim,0,19191,21804,21804,2613,bigdata_main_node_01
trace,19191,2614,2,28310_2,sim,0,19191,21805,21805,2614,bigdata_main_node_04
trace,19192,2614,2,28310_4,sim,0,19192,21806,21806,2614,bigdata_main_node_06
trace,19193,2613,2,28310_6,sim,0,19193,21806,21806,2613,bigdata_main_node_11
trace,19195,2618,2,28310_3,sim,0,19195,21813,21813,2618,bigdata_main_node_12
trace,19195,2623,2,28310_5,sim,0,19195,21818,21818,2623,bigdata_main_node_16
trace,21365,457,2,30555_1,sim,0,21365,21822,21822,457,bigdata_main_node_05
trace,21296,538,2,30400_1,sim,0,21296,21834,21834,538,bigdata_main_node_07
trace,21296,538,2,30400_2,sim,0,21296,21834,21834,538,bigdata_main_node_09
trace,21550,293,2,30943_1,sim,0,21550,21843,21843,293,bigdata_main_node_05
trace,19595,2254,2,28563_1,sim,0,19595,21849,21849,2254,bigdata_main_node_16
trace,19886,1964,2,28715_1,sim,0,19886,21850,21850,1964,bigdata_main_node_09
trace,18798,3056,2,27853_1,sim,0,18798,21854,21854,3056,bigdata_main_node_13
trace,21542,329,2,30915_1,sim,0,21542,21871,21871,329,bigdata_main_node_12
trace,21397,478,2,30624_1,sim,0,21397,21875,21875,478,bigdata_main_node_01
trace,18803,3087,2,27861_1,sim,0,18803,21890,21890,3087,bigdata_main_node_13
trace,21713,184,2,31207_1,sim,0,21713,21897,21897,184,bigdata_main_node_06
trace,18802,3097,2,27861_3,sim,0,18802,21899,21899,3097,bigdata_main_node_13
trace,18804,3096,2,27861_2,sim,0,18804,21900,21900,3096,bigdata_main_node_03
trace,19040,2876,2,28199_2,sim,0,19040,21916,21916,2876,bigdata_main_node_06
trace,19040,2878,2,28199_1,sim,0,19040,21918,21918,2878,bigdata_main_node_03
trace,19040,2880,2,28199_3,sim,0,19040,21920,21920,2880,bigdata_main_node_06
trace,21477,482,2,30739_1,sim,0,21477,21959,21959,482,bigdata_main_node_05
trace,19512,2469,2,28508_1,sim,0,19512,21981,21981,2469,bigdata_main_node_11
trace,19514,2471,2,28508_2,sim,0,19514,21985,21985,2471,bigdata_main_node_15
trace,19541,2446,2,28524_1,sim,0,19541,21987,21987,2446,bigdata_main_node_06
trace,19543,2447,2,28524_3,sim,0,19543,21990,21990,2447,bigdata_main_node_07
trace,19517,2474,2,28508_3,sim,0,19517,21991,21991,2474,bigdata_main_node_02
trace,19543,2448,2,28526_1,sim,0,19543,21991,21991,2448,bigdata_main_node_10
trace,19544,2447,2,28526_2,sim,0,19544,21991,21991,2447,bigdata_main_node_10
trace,19544,2447,2,28526_3,sim,0,19544,21991,21991,2447,bigdata_main_node_10
trace,19541,2452,2,28524_2,sim,0,19541,21993,21993,2452,bigdata_main_node_07
trace,19574,2422,2,28549_1,sim,0,19574,21996,21996,2422,bigdata_main_node_10
trace,19575,2421,2,28549_2,sim,0,19575,21996,21996,2421,bigdata_main_node_16
trace,19576,2422,2,28549_3,sim,0,19576,21998,21998,2422,bigdata_main_node_16
trace,19595,2407,2,28569_3,sim,0,19595,22002,22002,2407,bigdata_main_node_05
trace,19848,2154,2,28691_1,sim,0,19848,22002,22002,2154,bigdata_main_node_02
trace,19595,2411,2,28569_2,sim,0,19595,22006,22006,2411,bigdata_main_node_05
trace,19660,2346,2,28595_1,sim,0,19660,22006,22006,2346,bigdata_main_node_18
trace,19589,2419,2,28569_1,sim,0,19589,22008,22008,2419,bigdata_main_node_10
trace,19666,2347,2,28595_2,sim,0,19666,22013,22013,2347,bigdata_main_node_18
trace,19666,2347,2,28595_3,sim,0,19666,22013,22013,2347,bigdata_main_node_18
trace,21693,322,2,31193_1,sim,0,21693,22015,22015,322,bigdata_main_node_02
trace,19704,2314,2,28607_2,sim,0,19704,22018,22018,2314,bigdata_main_node_18
trace,19704,2314,2,28607_3,sim,0,19704,22018,22018,2314,bigdata_main_node_18
trace,19704,2315,2,28607_1,sim,0,19704,22019,22019,2315,bigdata_main_node_11
trace,21557,471,2,30946_1,sim,0,21557,22028,22028,471,bigdata_main_node_12
trace,19905,2134,2,28720_1,sim,0,19905,22039,22039,2134,bigdata_main_node_01
trace,19905,2134,2,28720_2,sim,0,19905,22039,22039,2134,bigdata_main_node_01
trace,19906,2133,2,28720_3,sim,0,19906,22039,22039,2133,bigdata_main_node_07
trace,21535,506,2,30918_1,sim,0,21535,22041,22041,506,bigdata_main_node_12
trace,21296,790,2,30406_1,sim,0,21296,22086,22086,790,bigdata_main_node_01
trace,21037,1051,2,29831_1,sim,0,21037,22088,22088,1051,bigdata_main_node_09
trace,21038,1050,2,29831_2,sim,0,21038,22088,22088,1050,bigdata_main_node_07
trace,21038,1050,2,29831_3,sim,0,21038,22088,22088,1050,bigdata_main_node_07
trace,21044,1044,2,29847_1,sim,0,21044,22088,22088,1044,bigdata_main_node_06
trace,21044,1044,2,29847_2,sim,0,21044,22088,22088,1044,bigdata_main_node_06
trace,21044,1044,2,29847_3,sim,0,21044,22088,22088,1044,bigdata_main_node_06
trace,22009,198,2,31642_1,sim,0,22009,22207,22207,198,bigdata_main_node_11
trace,21590,754,2,30979_1,sim,0,21590,22344,22344,754,bigdata_main_node_12
trace,21590,754,2,30979_2,sim,0,21590,22344,22344,754,bigdata_main_node_03
trace,21868,501,2,31433_1,sim,0,21868,22369,22369,501,bigdata_main_node_01
trace,19849,2541,2,28694_1,sim,0,19849,22390,22390,2541,bigdata_main_node_06
trace,21830,574,2,31360_1,sim,0,21830,22404,22404,574,bigdata_main_node_01
trace,21925,504,2,31492_1,sim,0,21925,22429,22429,504,bigdata_main_node_01
trace,19538,2895,2,28516_1,sim,0,19538,22433,22433,2895,bigdata_main_node_13
trace,22309,192,2,32097_1,sim,0,22309,22501,22501,192,bigdata_main_node_01
trace,19081,3453,2,28226_1,sim,0,19081,22534,22534,3453,bigdata_main_node_02
trace,21040,1494,2,29841_1,sim,0,21040,22534,22534,1494,bigdata_main_node_10
trace,21535,1001,2,30921_1,sim,0,21535,22536,22536,1001,bigdata_main_node_12
trace,21942,647,2,31522_1,sim,0,21942,22589,22589,647,bigdata_main_node_12
trace,21033,1610,2,29838_2,sim,0,21033,22643,22643,1610,bigdata_main_node_16
trace,21040,1610,2,29838_1,sim,0,21040,22650,22650,1610,bigdata_main_node_07
trace,21040,1610,2,29838_3,sim,0,21040,22650,22650,1610,bigdata_main_node_10
trace,21040,1610,2,29838_4,sim,0,21040,22650,22650,1610,bigdata_main_node_10
trace,19916,2739,2,28723_1,sim,0,19916,22655,22655,2739,bigdata_main_node_09
trace,22248,414,2,32024_1,sim,0,22248,22662,22662,414,bigdata_main_node_11
trace,22523,183,2,32430_1,sim,0,22523,22706,22706,183,bigdata_main_node_02
trace,22334,508,2,32142_1,sim,0,22334,22842,22842,508,bigdata_main_node_01
trace,21040,1810,2,29834_1,sim,0,21040,22850,22850,1810,bigdata_main_node_01
trace,19540,3330,2,28518_1,sim,0,19540,22870,22870,3330,bigdata_main_node_03
trace,22248,647,2,32027_1,sim,0,22248,22895,22895,647,bigdata_main_node_11
trace,21830,1080,2,31356_1,sim,0,21830,22910,22910,1080,bigdata_main_node_05
trace,22730,214,2,32826_1,sim,0,22730,22944,22944,214,bigdata_main_node_01
trace,22639,308,2,32662_1,sim,0,22639,22947,22947,308,bigdata_main_node_02
trace,22639,308,2,32662_2,sim,0,22639,22947,22947,308,bigdata_main_node_02
trace,22639,308,2,32662_3,sim,0,22639,22947,22947,308,bigdata_main_node_02
trace,22648,349,2,32666_1,sim,0,22648,22997,22997,349,bigdata_main_node_05
trace,19883,3163,2,28717_1,sim,0,19883,23046,23046,3163,bigdata_main_node_18
trace,22700,410,2,32792_1,sim,0,22700,23110,23110,410,bigdata_main_node_13
trace,22995,198,2,33309_1,sim,0,22995,23193,23193,198,bigdata_main_node_05
trace,22701,502,2,32795_1,sim,0,22701,23203,23203,502,bigdata_main_node_13
trace,22018,1201,2,31655_1,sim,0,22018,23219,23219,1201,bigdata_main_node_07
trace,22766,460,2,32904_1,sim,0,22766,23226,23226,460,bigdata_main_node_07
trace,22737,511,2,32838_1,sim,0,22737,23248,23248,511,bigdata_main_node_01
trace,22726,557,2,32823_1,sim,0,22726,23283,23283,557,bigdata_main_node_13
trace,22736,574,2,32828_1,sim,0,22736,23310,23310,574,bigdata_main_node_01
trace,22736,574,2,32828_2,sim,0,22736,23310,23310,574,bigdata_main_node_01
trace,23134,216,2,33479_1,sim,0,23134,23350,23350,216,bigdata_main_node_13
trace,23200,213,2,33616_1,sim,0,23200,23413,23413,213,bigdata_main_node_05
trace,23201,212,2,33616_4,sim,0,23201,23413,23413,212,bigdata_main_node_09
trace,23200,214,2,33616_2,sim,0,23200,23414,23414,214,bigdata_main_node_07
trace,23201,213,2,33616_3,sim,0,23201,23414,23414,213,bigdata_main_node_07
trace,19625,3829,2,28580_1,sim,0,19625,23454,23454,3829,bigdata_main_node_05
trace,22715,745,2,32799_1,sim,0,22715,23460,23460,745,bigdata_main_node_02
trace,22715,745,2,32799_2,sim,0,22715,23460,23460,745,bigdata_main_node_13
trace,22737,783,2,32834_1,sim,0,22737,23520,23520,783,bigdata_main_node_01
trace,23159,380,2,33555_1,sim,0,23159,23539,23539,380,bigdata_main_node_02
trace,23201,344,2,33618_1,sim,0,23201,23545,23545,344,bigdata_main_node_09
trace,22700,865,2,32769_1,sim,0,22700,23565,23565,865,bigdata_main_node_11
trace,22700,865,2,32769_2,sim,0,22700,23565,23565,865,bigdata_main_node_05
trace,23090,526,2,33432_1,sim,0,23090,23616,23616,526,bigdata_main_node_02
trace,23172,469,2,33562_1,sim,0,23172,23641,23641,469,bigdata_main_node_07
trace,23070,595,2,33410_1,sim,0,23070,23665,23665,595,bigdata_main_node_05
trace,23077,595,2,33410_2,sim,0,23077,23672,23672,595,bigdata_main_node_11
trace,23134,553,2,33482_1,sim,0,23134,23687,23687,553,bigdata_main_node_02
trace,21507,2279,2,30831_2,sim,0,21507,23786,23786,2279,bigdata_main_node_05
trace,21514,2279,2,30831_1,sim,0,21514,23793,23793,2279,bigdata_main_node_18
trace,21514,2279,2,30831_3,sim,0,21514,23793,23793,2279,bigdata_main_node_18
trace,21514,2279,2,30831_4,sim,0,21514,23793,23793,2279,bigdata_main_node_18
trace,21514,2279,2,30831_5,sim,0,21514,23793,23793,2279,bigdata_main_node_18
trace,21514,2279,2,30831_6,sim,0,21514,23793,23793,2279,bigdata_main_node_18
trace,23346,447,2,33924_1,sim,0,23346,23793,23793,447,bigdata_main_node_13
trace,23159,635,2,33557_1,sim,0,23159,23794,23794,635,bigdata_main_node_07
trace,23395,428,2,33979_1,sim,0,23395,23823,23823,428,bigdata_main_node_01
trace,23331,569,2,33919_1,sim,0,23331,23900,23900,569,bigdata_main_node_07
trace,23498,402,2,34159_1,sim,0,23498,23900,23900,402,bigdata_main_node_16
trace,23090,813,2,33429_1,sim,0,23090,23903,23903,813,bigdata_main_node_01
trace,23331,591,2,33922_1,sim,0,23331,23922,23922,591,bigdata_main_node_07
trace,23498,442,2,34162_1,sim,0,23498,23940,23940,442,bigdata_main_node_16
trace,23383,586,2,33967_1,sim,0,23383,23969,23969,586,bigdata_main_node_13
trace,15936,8048,2,22177_1,sim,0,15936,23984,23984,8048,bigdata_main_node_07
trace,23090,905,2,33422_2,sim,0,23090,23995,23995,905,bigdata_main_node_01
trace,23090,906,2,33422_1,sim,0,23090,23996,23996,906,bigdata_main_node_01
trace,22700,1308,2,32771_1,sim,0,22700,24008,24008,1308,bigdata_main_node_05
trace,23716,329,2,34559_1,sim,0,23716,24045,24045,329,bigdata_main_node_16
trace,23634,440,2,34388_1,sim,0,23634,24074,24074,440,bigdata_main_node_16
trace,16696,7440,2,24018_1,sim,0,16696,24136,24136,7440,bigdata_main_node_12
trace,13689,10448,2,20069_1,sim,0,13689,24137,24137,10448,bigdata_main_node_02
trace,23583,557,2,34284_1,sim,0,23583,24140,24140,557,bigdata_main_node_02
trace,23583,557,2,34284_2,sim,0,23583,24140,24140,557,bigdata_main_node_05
trace,23678,490,2,34496_1,sim,0,23678,24168,24168,490,bigdata_main_node_07
trace,23676,502,2,34504_1,sim,0,23676,24178,24178,502,bigdata_main_node_05
trace,23715,493,2,34543_1,sim,0,23715,24208,24208,493,bigdata_main_node_02
trace,23716,492,2,34543_2,sim,0,23716,24208,24208,492,bigdata_main_node_11
trace,23759,479,2,34612_1,sim,0,23759,24238,24238,479,bigdata_main_node_18
trace,23989,252,2,35133_1,sim,0,23989,24241,24241,252,bigdata_main_node_07
trace,23989,252,2,35133_2,sim,0,23989,24241,24241,252,bigdata_main_node_18
trace,23989,252,2,35133_3,sim,0,23989,24241,24241,252,bigdata_main_node_18
trace,23989,252,2,35133_4,sim,0,23989,24241,24241,252,bigdata_main_node_18
trace,23549,741,2,34230_1,sim,0,23549,24290,24290,741,bigdata_main_node_01
trace,23797,514,2,34687_1,sim,0,23797,24311,24311,514,bigdata_main_node_05
trace,23583,745,2,34287_1,sim,0,23583,24328,24328,745,bigdata_main_node_09
trace,23634,732,2,34383_1,sim,0,23634,24366,24366,732,bigdata_main_node_02
trace,23634,734,2,34383_2,sim,0,23634,24368,24368,734,bigdata_main_node_11
trace,23716,662,2,34557_1,sim,0,23716,24378,24378,662,bigdata_main_node_16
trace,24131,274,2,35546_1,sim,0,24131,24405,24405,274,bigdata_main_node_03
trace,24119,296,2,35458_1,sim,0,24119,24415,24415,296,bigdata_main_node_12
trace,24111,309,2,35463_1,sim,0,24111,24420,24420,309,bigdata_main_node_16
trace,24118,306,2,35461_1,sim,0,24118,24424,24424,306,bigdata_main_node_12
trace,23809,616,2,34692_1,sim,0,23809,24425,24425,616,bigdata_main_node_07
trace,24151,281,2,35592_1,sim,0,24151,24432,24432,281,bigdata_main_node_02
trace,24123,310,2,35490_1,sim,0,24123,24433,24433,310,bigdata_main_node_10
trace,24120,331,2,35466_1,sim,0,24120,24451,24451,331,bigdata_main_node_12
trace,24131,323,2,35549_1,sim,0,24131,24454,24454,323,bigdata_main_node_06
trace,24125,336,2,35501_1,sim,0,24125,24461,24461,336,bigdata_main_node_10
trace,24123,341,2,35485_1,sim,0,24123,24464,24464,341,bigdata_main_node_08
trace,24126,341,2,35506_1,sim,0,24126,24467,24467,341,bigdata_main_node_10
trace,24128,339,2,35522_1,sim,0,24128,24467,24467,339,bigdata_main_node_03
trace,23989,483,2,35135_1,sim,0,23989,24472,24472,483,bigdata_main_node_18
trace,24125,365,2,35509_1,sim,0,24125,24490,24490,365,bigdata_main_node_10
trace,24128,368,2,35525_1,sim,0,24128,24496,24496,368,bigdata_main_node_03
trace,24128,381,2,35527_1,sim,0,24128,24509,24509,381,bigdata_main_node_03
trace,23951,565,2,35068_1,sim,0,23951,24516,24516,565,bigdata_main_node_01
trace,24129,399,2,35530_1,sim,0,24129,24528,24528,399,bigdata_main_node_03
trace,19642,4900,2,28587_1,sim,0,19642,24542,24542,4900,bigdata_main_node_10
trace,24149,412,2,35571_1,sim,0,24149,24561,24561,412,bigdata_main_node_05
trace,23960,607,2,35079_1,sim,0,23960,24567,24567,607,bigdata_main_node_16
trace,24126,452,2,35511_1,sim,0,24126,24578,24578,452,bigdata_main_node_03
trace,24120,496,2,35469_1,sim,0,24120,24616,24616,496,bigdata_main_node_12
trace,23960,665,2,35070_1,sim,0,23960,24625,24625,665,bigdata_main_node_01
trace,23960,665,2,35070_2,sim,0,23960,24625,24625,665,bigdata_main_node_07
trace,23747,885,2,34588_1,sim,0,23747,24632,24632,885,bigdata_main_node_16
trace,23747,885,2,34588_2,sim,0,23747,24632,24632,885,bigdata_main_node_18
trace,24123,528,2,35493_1,sim,0,24123,24651,24651,528,bigdata_main_node_10
trace,24122,540,2,35533_1,sim,0,24122,24662,24662,540,bigdata_main_node_08
trace,24131,539,2,35551_1,sim,0,24131,24670,24670,539,bigdata_main_node_06
trace,24121,557,2,35535_1,sim,0,24121,24678,24678,557,bigdata_main_node_12
trace,23497,1188,2,34153_3,sim,0,23497,24685,24685,1188,bigdata_main_node_09
trace,23497,1188,2,34153_4,sim,0,23497,24685,24685,1188,bigdata_main_node_09
trace,23497,1189,2,34153_1,sim,0,23497,24686,24686,1189,bigdata_main_node_09
trace,23497,1189,2,34153_2,sim,0,23497,24686,24686,1189,bigdata_main_node_09
trace,24120,569,2,35471_1,sim,0,24120,24689,24689,569,bigdata_main_node_12
trace,23451,1242,2,34096_1,sim,0,23451,24693,24693,1242,bigdata_main_node_07
trace,24033,683,2,35286_1,sim,0,24033,24716,24716,683,bigdata_main_node_05
trace,23960,788,2,35076_1,sim,0,23960,24748,24748,788,bigdata_main_node_07
trace,23458,1301,2,34099_3,sim,0,23458,24759,24759,1301,bigdata_main_node_05
trace,23982,781,2,35129_1,sim,0,23982,24763,24763,781,bigdata_main_node_18
trace,23465,1301,2,34099_1,sim,0,23465,24766,24766,1301,bigdata_main_node_02
trace,23465,1301,2,34099_2,sim,0,23465,24766,24766,1301,bigdata_main_node_13
trace,23465,1301,2,34099_4,sim,0,23465,24766,24766,1301,bigdata_main_node_09
trace,23415,1352,2,34021_1,sim,0,23415,24767,24767,1352,bigdata_main_node_05
trace,23422,1353,2,34021_2,sim,0,23422,24775,24775,1353,bigdata_main_node_01
trace,24120,694,2,35474_1,sim,0,24120,24814,24814,694,bigdata_main_node_12
trace,24125,698,2,35503_1,sim,0,24125,24823,24823,698,bigdata_main_node_10
trace,24125,705,2,35514_1,sim,0,24125,24830,24830,705,bigdata_main_node_10
trace,24129,751,2,35538_1,sim,0,24129,24880,24880,751,bigdata_main_node_03
trace,19602,5294,2,28576_1,sim,0,19602,24896,24896,5294,bigdata_main_node_05
trace,24687,216,2,36439_1,sim,0,24687,24903,24903,216,bigdata_main_node_02
trace,24436,471,2,36077_1,sim,0,24436,24907,24907,471,bigdata_main_node_01
trace,24122,788,2,35498_1,sim,0,24122,24910,24910,788,bigdata_main_node_08
trace,24629,296,2,36334_1,sim,0,24629,24925,24925,296,bigdata_main_node_08
trace,24123,808,2,35477_1,sim,0,24123,24931,24931,808,bigdata_main_node_08
trace,24629,309,2,36337_1,sim,0,24629,24938,24938,309,bigdata_main_node_09
trace,24631,311,2,36362_1,sim,0,24631,24942,24942,311,bigdata_main_node_11
trace,24130,817,2,35541_1,sim,0,24130,24947,24947,817,bigdata_main_node_03
trace,24123,835,2,35479_1,sim,0,24123,24958,24958,835,bigdata_main_node_08
trace,24130,833,2,35543_1,sim,0,24130,24963,24963,833,bigdata_main_node_03
trace,24131,837,2,35554_1,sim,0,24131,24968,24968,837,bigdata_main_node_06
trace,24680,289,2,36445_1,sim,0,24680,24969,24969,289,bigdata_main_node_08
trace,23444,1528,2,34093_1,sim,0,23444,24972,24972,1528,bigdata_main_node_01
trace,24629,345,2,36340_1,sim,0,24629,24974,24974,345,bigdata_main_node_01
trace,24125,850,2,35517_1,sim,0,24125,24975,24975,850,bigdata_main_node_10
trace,24629,354,2,36347_1,sim,0,24629,24983,24983,354,bigdata_main_node_11
trace,20086,4898,2,28859_1,sim,0,20086,24984,24984,4898,bigdata_main_node_08
trace,24687,310,2,36447_1,sim,0,24687,24997,24997,310,bigdata_main_node_02
trace,24123,882,2,35482_1,sim,0,24123,25005,25005,882,bigdata_main_node_08
trace,24629,394,2,36342_1,sim,0,24629,25023,25023,394,bigdata_main_node_01
trace,24122,909,2,35495_1,sim,0,24122,25031,25031,909,bigdata_main_node_08
trace,24765,290,2,36692_1,sim,0,24765,25055,25055,290,bigdata_main_node_02
trace,24797,267,2,36753_1,sim,0,24797,25064,25064,267,bigdata_main_node_03
trace,24126,989,2,35519_1,sim,0,24126,25115,25115,989,bigdata_main_node_03
trace,24787,353,2,36729_1,sim,0,24787,25140,25140,353,bigdata_main_node_05
trace,19609,5546,2,28574_1,sim,0,19609,25155,25155,5546,bigdata_main_node_05
trace,24687,474,2,36450_1,sim,0,24687,25161,25161,474,bigdata_main_node_02
trace,24787,407,2,36732_1,sim,0,24787,25194,25194,407,bigdata_main_node_05
trace,24979,225,2,37114_1,sim,0,24979,25204,25204,225,bigdata_main_node_08
trace,25004,217,2,37138_1,sim,0,25004,25221,25221,217,bigdata_main_node_02
trace,25012,220,2,37146_1,sim,0,25012,25232,25232,220,bigdata_main_node_07
trace,24936,335,2,37059_1,sim,0,24936,25271,25271,335,bigdata_main_node_08
trace,24936,352,2,37061_1,sim,0,24936,25288,25288,352,bigdata_main_node_08
trace,24936,382,2,37064_1,sim,0,24936,25318,25318,382,bigdata_main_node_08
trace,23752,1577,2,34607_1,sim,0,23752,25329,25329,1577,bigdata_main_node_18
trace,23759,1578,2,34607_2,sim,0,23759,25337,25337,1578,bigdata_main_node_18
trace,25160,194,2,37399_1,sim,0,25160,25354,25354,194,bigdata_main_node_03
trace,24936,434,2,37051_1,sim,0,24936,25370,25370,434,bigdata_main_node_01
trace,24635,743,2,36365_2,sim,0,24635,25378,25378,743,bigdata_main_node_05
trace,24636,742,2,36365_1,sim,0,24636,25378,25378,742,bigdata_main_node_05
trace,24123,1271,2,35487_1,sim,0,24123,25394,25394,1271,bigdata_main_node_08
trace,25160,239,2,37380_1,sim,0,25160,25399,25399,239,bigdata_main_node_02
trace,24936,470,2,37053_1,sim,0,24936,25406,25406,470,bigdata_main_node_02
trace,24797,613,2,36745_1,sim,0,24797,25410,25410,613,bigdata_main_node_16
trace,24936,476,2,37067_1,sim,0,24936,25412,25412,476,bigdata_main_node_03
trace,25232,197,2,37540_1,sim,0,25232,25429,25429,197,bigdata_main_node_07
trace,25160,278,2,37389_1,sim,0,25160,25438,25438,278,bigdata_main_node_08
trace,25226,215,2,37506_1,sim,0,25226,25441,25441,215,bigdata_main_node_09
trace,25232,209,2,37546_1,sim,0,25232,25441,25441,209,bigdata_main_node_09
trace,24049,1408,2,35313_1,sim,0,24049,25457,25457,1408,bigdata_main_node_16
trace,24056,1408,2,35313_2,sim,0,24056,25464,25464,1408,bigdata_main_node_18
trace,24056,1408,2,35313_3,sim,0,24056,25464,25464,1408,bigdata_main_node_01
trace,24056,1408,2,35313_4,sim,0,24056,25464,25464,1408,bigdata_main_node_01
trace,25160,311,2,37392_1,sim,0,25160,25471,25471,311,bigdata_main_node_03
trace,25152,325,2,37395_1,sim,0,25152,25477,25477,325,bigdata_main_node_01
trace,24936,555,2,37069_1,sim,0,24936,25491,25491,555,bigdata_main_node_03
trace,23451,2048,2,34089_1,sim,0,23451,25499,25499,2048,bigdata_main_node_07
trace,23759,1740,2,34609_1,sim,0,23759,25499,25499,1740,bigdata_main_node_18
trace,24936,588,2,37072_1,sim,0,24936,25524,25524,588,bigdata_main_node_03
trace,24773,772,2,36695_1,sim,0,24773,25545,25545,772,bigdata_main_node_13
trace,24770,800,2,36690_1,sim,0,24770,25570,25570,800,bigdata_main_node_02
trace,25253,326,2,37632_1,sim,0,25253,25579,25579,326,bigdata_main_node_12
trace,25260,322,2,37656_1,sim,0,25260,25582,25582,322,bigdata_main_node_12
trace,25292,296,2,37724_1,sim,0,25292,25588,25588,296,bigdata_main_node_12
trace,24782,818,2,36722_1,sim,0,24782,25600,25600,818,bigdata_main_node_01
trace,24936,677,2,37056_1,sim,0,24936,25613,25613,677,bigdata_main_node_05
trace,23982,1673,2,35124_1,sim,0,23982,25655,25655,1673,bigdata_main_node_13
trace,23982,1673,2,35124_2,sim,0,23982,25655,25655,1673,bigdata_main_node_16
trace,25278,382,2,37715_1,sim,0,25278,25660,25660,382,bigdata_main_node_08
trace,25204,463,2,37460_1,sim,0,25204,25667,25667,463,bigdata_main_node_07
trace,25447,243,2,37990_1,sim,0,25447,25690,25690,243,bigdata_main_node_07
trace,24958,735,2,37095_1,sim,0,24958,25693,25693,735,bigdata_main_node_08
trace,24958,735,2,37095_3,sim,0,24958,25693,25693,735,bigdata_main_node_11
trace,24959,734,2,37095_2,sim,0,24959,25693,25693,734,bigdata_main_node_03
trace,24959,734,2,37095_4,sim,0,24959,25693,25693,734,bigdata_main_node_03
trace,24984,712,2,37124_1,sim,0,24984,25696,25696,712,bigdata_main_node_08
trace,24984,713,2,37124_2,sim,0,24984,25697,25697,713,bigdata_main_node_11
trace,25009,688,2,37142_1,sim,0,25009,25697,25697,688,bigdata_main_node_08
trace,25009,688,2,37142_2,sim,0,25009,25697,25697,688,bigdata_main_node_07
trace,25009,688,2,37142_3,sim,0,25009,25697,25697,688,bigdata_main_node_07
trace,25009,688,2,37142_4,sim,0,25009,25697,25697,688,bigdata_main_node_07
trace,24984,714,2,37124_3,sim,0,24984,25698,25698,714,bigdata_main_node_01
trace,24984,714,2,37124_4,sim,0,24984,25698,25698,714,bigdata_main_node_01
trace,25204,497,2,37471_1,sim,0,25204,25701,25701,497,bigdata_main_node_05
trace,24788,923,2,36735_1,sim,0,24788,25711,25711,923,bigdata_main_node_05
trace,25222,499,2,37499_1,sim,0,25222,25721,25721,499,bigdata_main_node_02
trace,25204,522,2,37463_1,sim,0,25204,25726,25726,522,bigdata_main_node_08
trace,23944,1791,2,35042_1,sim,0,23944,25735,25735,1791,bigdata_main_node_13
trace,25202,553,2,37458_2,sim,0,25202,25755,25755,553,bigdata_main_node_07
trace,25202,554,2,37458_1,sim,0,25202,25756,25756,554,bigdata_main_node_02
trace,25204,556,2,37466_1,sim,0,25204,25760,25760,556,bigdata_main_node_05
trace,25254,510,2,37634_1,sim,0,25254,25764,25764,510,bigdata_main_node_12
trace,25440,329,2,37970_1,sim,0,25440,25769,25769,329,bigdata_main_node_01
trace,25249,528,2,37619_1,sim,0,25249,25777,25777,528,bigdata_main_node_09
trace,25543,256,2,38287_1,sim,0,25543,25799,25799,256,bigdata_main_node_12
trace,25249,563,2,37612_1,sim,0,25249,25812,25812,563,bigdata_main_node_09
trace,25204,616,2,37468_1,sim,0,25204,25820,25820,616,bigdata_main_node_05
trace,25638,205,2,38663_1,sim,0,25638,25843,25843,205,bigdata_main_node_01
trace,25543,314,2,38306_1,sim,0,25543,25857,25857,314,bigdata_main_node_02
trace,24797,1067,2,36748_1,sim,0,24797,25864,25864,1067,bigdata_main_node_16
trace,25536,328,2,38298_1,sim,0,25536,25864,25864,328,bigdata_main_node_07
trace,24149,1716,2,35573_1,sim,0,24149,25865,25865,1716,bigdata_main_node_12
trace,25543,332,2,38308_1,sim,0,25543,25875,25875,332,bigdata_main_node_05
trace,25543,352,2,38300_1,sim,0,25543,25895,25895,352,bigdata_main_node_02
trace,18231,7677,2,27120_4,sim,0,18231,25908,25908,7677,bigdata_main_node_15
trace,18232,7676,2,27120_2,sim,0,18232,25908,25908,7676,bigdata_main_node_15
trace,18232,7677,2,27120_1,sim,0,18232,25909,25909,7677,bigdata_main_node_01
trace,25633,290,2,38650_1,sim,0,25633,25923,25923,290,bigdata_main_node_08
trace,24797,1127,2,36750_1,sim,0,24797,25924,25924,1127,bigdata_main_node_16
trace,18272,7659,2,27184_4,sim,0,18272,25931,25931,7659,bigdata_main_node_16
trace,18224,7708,2,27106_3,sim,0,18224,25932,25932,7708,bigdata_main_node_02
trace,18238,7695,2,27120_3,sim,0,18238,25933,25933,7695,bigdata_main_node_16
trace,25627,306,2,38628_1,sim,0,25627,25933,25933,306,bigdata_main_node_13
trace,18224,7710,2,27106_1,sim,0,18224,25934,25934,7710,bigdata_main_node_13
trace,18224,7711,2,27106_2,sim,0,18224,25935,25935,7711,bigdata_main_node_02
trace,18272,7664,2,27184_1,sim,0,18272,25936,25936,7664,bigdata_main_node_16
trace,18272,7666,2,27184_2,sim,0,18272,25938,25938,7666,bigdata_main_node_16
trace,18272,7666,2,27184_3,sim,0,18272,25938,25938,7666,bigdata_main_node_16
trace,18301,7637,2,27199_1,sim,0,18301,25938,25938,7637,bigdata_main_node_06
trace,18303,7636,2,27205_1,sim,0,18303,25939,25939,7636,bigdata_main_node_17
trace,25544,396,2,38311_1,sim,0,25544,25940,25940,396,bigdata_main_node_09
trace,18303,7638,2,27202_3,sim,0,18303,25941,25941,7638,bigdata_main_node_17
trace,18302,7643,2,27199_2,sim,0,18302,25945,25945,7643,bigdata_main_node_17
trace,18302,7643,2,27202_1,sim,0,18302,25945,25945,7643,bigdata_main_node_17
trace,18229,7718,2,27106_4,sim,0,18229,25947,25947,7718,bigdata_main_node_10
trace,18306,7641,2,27205_2,sim,0,18306,25947,25947,7641,bigdata_main_node_01
trace,18258,7690,2,27180_2,sim,0,18258,25948,25948,7690,bigdata_main_node_05
trace,18307,7641,2,27202_4,sim,0,18307,25948,25948,7641,bigdata_main_node_02
trace,18259,7690,2,27180_1,sim,0,18259,25949,25949,7690,bigdata_main_node_12
trace,18302,7649,2,27199_3,sim,0,18302,25951,25951,7649,bigdata_main_node_17
trace,18304,7647,2,27205_4,sim,0,18304,25951,25951,7647,bigdata_main_node_17
trace,18262,7691,2,27180_3,sim,0,18262,25953,25953,7691,bigdata_main_node_12
trace,18265,7691,2,27180_4,sim,0,18265,25956,25956,7691,bigdata_main_node_16
trace,18304,7652,2,27202_2,sim,0,18304,25956,25956,7652,bigdata_main_node_17
trace,18305,7651,2,27205_3,sim,0,18305,25956,25956,7651,bigdata_main_node_17
trace,18303,7655,2,27199_4,sim,0,18303,25958,25958,7655,bigdata_main_node_17
trace,25626,332,2,38653_1,sim,0,25626,25958,25958,332,bigdata_main_node_05
trace,18300,7663,2,27197_3,sim,0,18300,25963,25963,7663,bigdata_main_node_02
trace,25655,308,2,38688_1,sim,0,25655,25963,25963,308,bigdata_main_node_13
trace,18300,7664,2,27197_1,sim,0,18300,25964,25964,7664,bigdata_main_node_07
trace,18304,7666,2,27207_1,sim,0,18304,25970,25970,7666,bigdata_main_node_17
trace,18304,7666,2,27207_2,sim,0,18304,25970,25970,7666,bigdata_main_node_17
trace,18304,7666,2,27207_3,sim,0,18304,25970,25970,7666,bigdata_main_node_17
trace,18300,7677,2,27197_4,sim,0,18300,25977,25977,7677,bigdata_main_node_02
trace,18308,7669,2,27207_4,sim,0,18308,25977,25977,7669,bigdata_main_node_18
trace,25626,351,2,38631_1,sim,0,25626,25977,25977,351,bigdata_main_node_02
trace,25695,282,2,38853_1,sim,0,25695,25977,25977,282,bigdata_main_node_07
trace,25543,437,2,38314_1,sim,0,25543,25980,25980,437,bigdata_main_node_05
trace,18303,7683,2,27197_2,sim,0,18303,25986,25986,7683,bigdata_main_node_07
trace,24444,1542,2,36082_1,sim,0,24444,25986,25986,1542,bigdata_main_node_03
trace,25627,359,2,38634_1,sim,0,25627,25986,25986,359,bigdata_main_node_16
trace,25633,361,2,38655_1,sim,0,25633,25994,25994,361,bigdata_main_node_12
trace,25627,378,2,38636_1,sim,0,25627,26005,26005,378,bigdata_main_node_08
trace,25668,339,2,38775_1,sim,0,25668,26007,26007,339,bigdata_main_node_07
trace,25655,353,2,38690_1,sim,0,25655,26008,26008,353,bigdata_main_node_16
trace,25668,341,2,38777_1,sim,0,25668,26009,26009,341,bigdata_main_node_08
trace,25699,311,2,38858_1,sim,0,25699,26010,26010,311,bigdata_main_node_01
trace,18475,7539,2,27438_3,sim,0,18475,26014,26014,7539,bigdata_main_node_05
trace,18480,7548,2,27438_4,sim,0,18480,26028,26028,7548,bigdata_main_node_09
trace,18480,7549,2,27438_1,sim,0,18480,26029,26029,7549,bigdata_main_node_07
trace,18480,7550,2,27438_2,sim,0,18480,26030,26030,7550,bigdata_main_node_09
trace,25633,397,2,38658_1,sim,0,25633,26030,26030,397,bigdata_main_node_12
trace,25292,748,2,37729_1,sim,0,25292,26040,26040,748,bigdata_main_node_12
trace,25699,372,2,38856_1,sim,0,25699,26071,26071,372,bigdata_main_node_01
trace,24797,1283,2,36742_1,sim,0,24797,26080,26080,1283,bigdata_main_node_16
trace,18886,7197,2,27956_1,sim,0,18886,26083,26083,7197,bigdata_main_node_13
trace,25668,416,2,38781_1,sim,0,25668,26084,26084,416,bigdata_main_node_01
trace,18886,7200,2,27956_2,sim,0,18886,26086,26086,7200,bigdata_main_node_12
trace,18891,7199,2,27956_4,sim,0,18891,26090,26090,7199,bigdata_main_node_07
trace,25632,459,2,38645_1,sim,0,25632,26091,26091,459,bigdata_main_node_08
trace,25655,436,2,38693_1,sim,0,25655,26091,26091,436,bigdata_main_node_01
trace,24635,1464,2,36368_1,sim,0,24635,26099,26099,1464,bigdata_main_node_05
trace,18880,7223,2,27956_3,sim,0,18880,26103,26103,7223,bigdata_main_node_01
trace,25788,321,2,39057_1,sim,0,25788,26109,26109,321,bigdata_main_node_04
trace,18801,7311,2,27855_2,sim,0,18801,26112,26112,7311,bigdata_main_node_13
trace,18802,7313,2,27855_3,sim,0,18802,26115,26115,7313,bigdata_main_node_13
trace,18803,7312,2,27855_1,sim,0,18803,26115,26115,7312,bigdata_main_node_13
trace,18801,7315,2,27855_4,sim,0,18801,26116,26116,7315,bigdata_main_node_13
trace,25633,484,2,38661_1,sim,0,25633,26117,26117,484,bigdata_main_node_12
trace,25544,597,2,38316_1,sim,0,25544,26141,26141,597,bigdata_main_node_09
trace,25882,273,2,39167_1,sim,0,25882,26155,26155,273,bigdata_main_node_20
trace,25736,426,2,38951_1,sim,0,25736,26162,26162,426,bigdata_main_node_18
trace,25736,427,2,38951_2,sim,0,25736,26163,26163,427,bigdata_main_node_18
trace,19535,6635,2,28510_1,sim,0,19535,26170,26170,6635,bigdata_main_node_01
trace,19536,6634,2,28510_2,sim,0,19536,26170,26170,6634,bigdata_main_node_02
trace,19538,6634,2,28510_4,sim,0,19538,26172,26172,6634,bigdata_main_node_02
trace,25285,891,2,37727_1,sim,0,25285,26176,26176,891,bigdata_main_node_12
trace,19540,6639,2,28510_3,sim,0,19540,26179,26179,6639,bigdata_main_node_03
trace,25730,456,2,38940_1,sim,0,25730,26186,26186,456,bigdata_main_node_15
trace,25730,459,2,38940_2,sim,0,25730,26189,26189,459,bigdata_main_node_15
trace,25908,287,2,39216_1,sim,0,25908,26195,26195,287,bigdata_main_node_15
trace,19510,6686,2,28505_3,sim,0,19510,26196,26196,6686,bigdata_main_node_09
trace,19513,6685,2,28505_4,sim,0,19513,26198,26198,6685,bigdata_main_node_12
trace,19503,6697,2,28505_1,sim,0,19503,26200,26200,6697,bigdata_main_node_08
trace,19505,6695,2,28505_2,sim,0,19505,26200,26200,6695,bigdata_main_node_09
trace,25883,344,2,39163_1,sim,0,25883,26227,26227,344,bigdata_main_node_20
trace,25737,499,2,38953_2,sim,0,25737,26236,26236,499,bigdata_main_node_18
trace,25738,499,2,38953_1,sim,0,25738,26237,26237,499,bigdata_main_node_18
trace,25703,547,2,38861_1,sim,0,25703,26250,26250,547,bigdata_main_node_05
trace,25802,451,2,39069_1,sim,0,25802,26253,26253,451,bigdata_main_node_12
trace,25731,531,2,38943_2,sim,0,25731,26262,26262,531,bigdata_main_node_18
trace,25730,533,2,38943_1,sim,0,25730,26263,26263,533,bigdata_main_node_15
trace,25877,392,2,39137_1,sim,0,25877,26269,26269,392,bigdata_main_node_05
trace,25909,363,2,39219_1,sim,0,25909,26272,26272,363,bigdata_main_node_01
trace,25731,553,2,38945_1,sim,0,25731,26284,26284,553,bigdata_main_node_18
trace,25731,553,2,38945_2,sim,0,25731,26284,26284,553,bigdata_main_node_18
trace,25746,539,2,38964_1,sim,0,25746,26285,26285,539,bigdata_main_node_04
trace,25668,620,2,38838_1,sim,0,25668,26288,26288,620,bigdata_main_node_01
trace,25857,431,2,39117_2,sim,0,25857,26288,26288,431,bigdata_main_node_19
trace,25857,436,2,39117_1,sim,0,25857,26293,26293,436,bigdata_main_node_02
trace,25812,485,2,39076_2,sim,0,25812,26297,26297,485,bigdata_main_node_14
trace,25828,476,2,39101_1,sim,0,25828,26304,26304,476,bigdata_main_node_14
trace,25815,491,2,39076_1,sim,0,25815,26306,26306,491,bigdata_main_node_14
trace,25829,477,2,39101_2,sim,0,25829,26306,26306,477,bigdata_main_node_14
trace,25878,430,2,39147_2,sim,0,25878,26308,26308,430,bigdata_main_node_19
trace,25877,440,2,39147_1,sim,0,25877,26317,26317,440,bigdata_main_node_19
trace,25883,434,2,39176_1,sim,0,25883,26317,26317,434,bigdata_main_node_20
trace,25896,422,2,39187_1,sim,0,25896,26318,26318,422,bigdata_main_node_20
trace,25872,447,2,39122_1,sim,0,25872,26319,26319,447,bigdata_main_node_07
trace,24872,1449,2,36982_1,sim,0,24872,26321,26321,1449,bigdata_main_node_03
trace,25895,436,2,39179_1,sim,0,25895,26331,26331,436,bigdata_main_node_02
trace,26046,286,2,39361_1,sim,0,26046,26332,26332,286,bigdata_main_node_10
trace,25240,1099,2,37591_1,sim,0,25240,26339,26339,1099,bigdata_main_node_09
trace,25873,469,2,39149_2,sim,0,25873,26342,26342,469,bigdata_main_node_12
trace,25879,472,2,39149_1,sim,0,25879,26351,26351,472,bigdata_main_node_19
trace,25249,1108,2,37614_1,sim,0,25249,26357,26357,1108,bigdata_main_node_09
trace,25906,459,2,39227_1,sim,0,25906,26365,26365,459,bigdata_main_node_20
trace,26158,212,2,39389_1,sim,0,26158,26370,26370,212,bigdata_main_node_20
trace,25852,527,2,39114_2,sim,0,25852,26379,26379,527,bigdata_main_node_19
trace,25823,557,2,39098_1,sim,0,25823,26380,26380,557,bigdata_main_node_05
trace,25823,558,2,39098_2,sim,0,25823,26381,26381,558,bigdata_main_node_14
trace,25852,535,2,39114_1,sim,0,25852,26387,26387,535,bigdata_main_node_19
trace,25758,632,2,39007_1,sim,0,25758,26390,26390,632,bigdata_main_node_02
trace,25829,595,2,39103_1,sim,0,25829,26424,26424,595,bigdata_main_node_14
trace,25830,605,2,39103_2,sim,0,25830,26435,26435,605,bigdata_main_node_14
trace,25841,594,2,39111_1,sim,0,25841,26435,26435,594,bigdata_main_node_19
trace,25844,595,2,39111_2,sim,0,25844,26439,26439,595,bigdata_main_node_01
trace,25909,538,2,39230_1,sim,0,25909,26447,26447,538,bigdata_main_node_15
trace,25913,536,2,39230_2,sim,0,25913,26449,26449,536,bigdata_main_node_21
trace,25857,596,2,39119_1,sim,0,25857,26453,26453,596,bigdata_main_node_19
trace,25858,596,2,39119_2,sim,0,25858,26454,26454,596,bigdata_main_node_19
trace,25731,764,2,38956_2,sim,0,25731,26495,26495,764,bigdata_main_node_18
trace,25738,762,2,38956_1,sim,0,25738,26500,26500,762,bigdata_main_node_18
trace,25289,1220,2,37720_1,sim,0,25289,26509,26509,1220,bigdata_main_node_08
trace,25915,614,2,39233_1,sim,0,25915,26529,26529,614,bigdata_main_node_21
trace,25915,616,2,39233_2,sim,0,25915,26531,26531,616,bigdata_main_node_21
trace,25883,677,2,39161_1,sim,0,25883,26560,26560,677,bigdata_main_node_20
trace,26165,426,2,39393_1,sim,0,26165,26591,26591,426,bigdata_main_node_18
trace,25824,769,2,39106_2,sim,0,25824,26593,26593,769,bigdata_main_node_14
trace,25830,768,2,39106_1,sim,0,25830,26598,26598,768,bigdata_main_node_14
trace,26403,207,2,39666_1,sim,0,26403,26610,26610,207,bigdata_main_node_10
trace,25544,1071,2,38319_1,sim,0,25544,26615,26615,1071,bigdata_main_node_16
trace,26274,351,2,39460_1,sim,0,26274,26625,26625,351,bigdata_main_node_15
trace,25739,887,2,38959_1,sim,0,25739,26626,26626,887,bigdata_main_node_04
trace,25739,887,2,38959_2,sim,0,25739,26626,26626,887,bigdata_main_node_04
trace,25731,905,2,38961_1,sim,0,25731,26636,26636,905,bigdata_main_node_18
trace,25830,807,2,39109_1,sim,0,25830,26637,26637,807,bigdata_main_node_14
trace,25831,806,2,39109_2,sim,0,25831,26637,26637,806,bigdata_main_node_14
trace,25739,904,2,38961_2,sim,0,25739,26643,26643,904,bigdata_main_node_04
trace,25879,779,2,39152_2,sim,0,25879,26658,26658,779,bigdata_main_node_19
trace,25880,784,2,39152_1,sim,0,25880,26664,26664,784,bigdata_main_node_20
trace,26453,214,2,39804_1,sim,0,26453,26667,26667,214,bigdata_main_node_15
trace,26402,281,2,39673_1,sim,0,26402,26683,26683,281,bigdata_main_node_03
trace,25709,981,2,38894_4,sim,0,25709,26690,26690,981,bigdata_main_node_11
trace,25712,981,2,38899_3,sim,0,25712,26693,26693,981,bigdata_main_node_05
trace,25716,979,2,38894_1,sim,0,25716,26695,26695,979,bigdata_main_node_07
trace,25716,979,2,38894_3,sim,0,25716,26695,26695,979,bigdata_main_node_07
trace,25716,979,2,38896_1,sim,0,25716,26695,26695,979,bigdata_main_node_08
trace,25718,977,2,38896_2,sim,0,25718,26695,26695,977,bigdata_main_node_08
trace,25718,977,2,38896_3,sim,0,25718,26695,26695,977,bigdata_main_node_08
trace,25716,980,2,38894_2,sim,0,25716,26696,26696,980,bigdata_main_node_07
trace,25718,979,2,38896_4,sim,0,25718,26697,26697,979,bigdata_main_node_03
trace,25718,979,2,38899_1,sim,0,25718,26697,26697,979,bigdata_main_node_03
trace,25719,978,2,38899_2,sim,0,25719,26697,26697,978,bigdata_main_node_03
trace,25718,980,2,38912_3,sim,0,25718,26698,26698,980,bigdata_main_node_03
trace,25718,980,2,38912_4,sim,0,25718,26698,26698,980,bigdata_main_node_03
trace,25719,979,2,38899_4,sim,0,25719,26698,26698,979,bigdata_main_node_03
trace,25720,978,2,38902_1,sim,0,25720,26698,26698,978,bigdata_main_node_03
trace,25720,978,2,38902_3,sim,0,25720,26698,26698,978,bigdata_main_node_10
trace,25720,978,2,38904_3,sim,0,25720,26698,26698,978,bigdata_main_node_10
trace,25715,984,2,38907_3,sim,0,25715,26699,26699,984,bigdata_main_node_11
trace,25720,980,2,38902_2,sim,0,25720,26700,26700,980,bigdata_main_node_10
trace,25720,980,2,38902_4,sim,0,25720,26700,26700,980,bigdata_main_node_10
trace,25720,980,2,38904_1,sim,0,25720,26700,26700,980,bigdata_main_node_10
trace,25720,980,2,38904_2,sim,0,25720,26700,26700,980,bigdata_main_node_10
trace,26064,636,2,39370_1,sim,0,26064,26700,26700,636,bigdata_main_node_18
trace,25722,979,2,38904_4,sim,0,25722,26701,26701,979,bigdata_main_node_02
trace,25722,981,2,38907_1,sim,0,25722,26703,26703,981,bigdata_main_node_10
trace,25722,981,2,38907_2,sim,0,25722,26703,26703,981,bigdata_main_node_10
trace,25723,980,2,38910_1,sim,0,25723,26703,26703,980,bigdata_main_node_06
trace,25723,981,2,38907_4,sim,0,25723,26704,26704,981,bigdata_main_node_10
trace,25725,979,2,38910_2,sim,0,25725,26704,26704,979,bigdata_main_node_06
trace,25726,978,2,38910_4,sim,0,25726,26704,26704,978,bigdata_main_node_06
trace,25725,980,2,38912_2,sim,0,25725,26705,26705,980,bigdata_main_node_06
trace,25726,979,2,38910_3,sim,0,25726,26705,26705,979,bigdata_main_node_08
trace,25726,979,2,38912_1,sim,0,25726,26705,26705,979,bigdata_main_node_06
trace,25726,979,2,38915_1,sim,0,25726,26705,26705,979,bigdata_main_node_06
trace,25726,979,2,38915_2,sim,0,25726,26705,26705,979,bigdata_main_node_06
trace,25726,979,2,38915_3,sim,0,25726,26705,26705,979,bigdata_main_node_06
trace,25726,979,2,38915_4,sim,0,25726,26705,26705,979,bigdata_main_node_06
trace,25726,979,2,38918_1,sim,0,25726,26705,26705,979,bigdata_main_node_06
trace,25726,979,2,38918_2,sim,0,25726,26705,26705,979,bigdata_main_node_15
trace,25726,979,2,38918_4,sim,0,25726,26705,26705,979,bigdata_main_node_15
trace,25727,978,2,38918_3,sim,0,25727,26705,26705,978,bigdata_main_node_15
trace,25727,978,2,38920_1,sim,0,25727,26705,26705,978,bigdata_main_node_15
trace,25727,978,2,38920_2,sim,0,25727,26705,26705,978,bigdata_main_node_15
trace,25727,978,2,38920_4,sim,0,25727,26705,26705,978,bigdata_main_node_15
trace,25755,950,2,39009_1,sim,0,25755,26705,26705,950,bigdata_main_node_07
trace,25727,979,2,38920_3,sim,0,25727,26706,26706,979,bigdata_main_node_15
trace,25771,939,2,39052_1,sim,0,25771,26710,26710,939,bigdata_main_node_01
trace,25762,949,2,39009_2,sim,0,25762,26711,26711,949,bigdata_main_node_05
trace,25762,949,2,39009_3,sim,0,25762,26711,26711,949,bigdata_main_node_04
trace,25778,934,2,39049_2,sim,0,25778,26712,26712,934,bigdata_main_node_12
trace,25778,934,2,39049_3,sim,0,25778,26712,26712,934,bigdata_main_node_04
trace,25763,951,2,39009_4,sim,0,25763,26714,26714,951,bigdata_main_node_04
trace,25779,935,2,39052_2,sim,0,25779,26714,26714,935,bigdata_main_node_04
trace,25778,937,2,39049_1,sim,0,25778,26715,26715,937,bigdata_main_node_09
trace,25780,935,2,39052_3,sim,0,25780,26715,26715,935,bigdata_main_node_04
trace,25779,937,2,39052_4,sim,0,25779,26716,26716,937,bigdata_main_node_04
trace,25780,936,2,39049_4,sim,0,25780,26716,26716,936,bigdata_main_node_04
trace,25906,825,2,39212_1,sim,0,25906,26731,26731,825,bigdata_main_node_20
trace,26475,256,2,39849_1,sim,0,26475,26731,26731,256,bigdata_main_node_05
trace,25904,851,2,39207_1,sim,0,25904,26755,26755,851,bigdata_main_node_20
trace,26538,218,2,40020_1,sim,0,26538,26756,26756,218,bigdata_main_node_08
trace,26480,277,2,39862_1,sim,0,26480,26757,26757,277,bigdata_main_node_05
trace,26539,218,2,40029_1,sim,0,26539,26757,26757,218,bigdata_main_node_18
trace,26539,218,2,40029_2,sim,0,26539,26757,26757,218,bigdata_main_node_18
trace,26488,272,2,39865_1,sim,0,26488,26760,26760,272,bigdata_main_node_05
trace,26545,215,2,40020_2,sim,0,26545,26760,26760,215,bigdata_main_node_07
trace,26475,289,2,39835_1,sim,0,26475,26764,26764,289,bigdata_main_node_05
trace,26475,291,2,39854_1,sim,0,26475,26766,26766,291,bigdata_main_node_05
trace,26473,300,2,39841_1,sim,0,26473,26773,26773,300,bigdata_main_node_20
trace,25896,879,2,39204_1,sim,0,25896,26775,26775,879,bigdata_main_node_20
trace,26474,301,2,39843_1,sim,0,26474,26775,26775,301,bigdata_main_node_05
trace,25877,905,2,39139_3,sim,0,25877,26782,26782,905,bigdata_main_node_19
trace,25877,906,2,39139_1,sim,0,25877,26783,26783,906,bigdata_main_node_16
trace,25904,882,2,39210_2,sim,0,25904,26786,26786,882,bigdata_main_node_20
trace,26488,299,2,39870_1,sim,0,26488,26787,26787,299,bigdata_main_node_05
trace,25879,910,2,39139_2,sim,0,25879,26789,26789,910,bigdata_main_node_19
trace,26489,305,2,39873_1,sim,0,26489,26794,26794,305,bigdata_main_node_07
trace,25904,891,2,39210_1,sim,0,25904,26795,26795,891,bigdata_main_node_20
trace,25907,889,2,39210_3,sim,0,25907,26796,26796,889,bigdata_main_node_21
trace,26595,253,2,40099_1,sim,0,26595,26848,26848,253,bigdata_main_node_18
trace,26601,255,2,40099_2,sim,0,26601,26856,26856,255,bigdata_main_node_20
trace,26602,254,2,40099_3,sim,0,26602,26856,26856,254,bigdata_main_node_07
trace,25736,1121,2,38948_1,sim,0,25736,26857,26857,1121,bigdata_main_node_13
trace,25736,1122,2,38948_2,sim,0,25736,26858,26858,1122,bigdata_main_node_18
trace,26615,254,2,40113_1,sim,0,26615,26869,26869,254,bigdata_main_node_10
trace,26632,239,2,40141_1,sim,0,26632,26871,26871,239,bigdata_main_node_04
trace,26615,262,2,40113_2,sim,0,26615,26877,26877,262,bigdata_main_node_07
trace,26643,235,2,40148_2,sim,0,26643,26878,26878,235,bigdata_main_node_04
trace,26644,234,2,40148_1,sim,0,26644,26878,26878,234,bigdata_main_node_09
trace,26638,251,2,40141_2,sim,0,26638,26889,26889,251,bigdata_main_node_04
trace,26424,470,2,39735_1,sim,0,26424,26894,26894,470,bigdata_main_node_08
trace,26427,471,2,39738_2,sim,0,26427,26898,26898,471,bigdata_main_node_08
trace,26427,472,2,39738_1,sim,0,26427,26899,26899,472,bigdata_main_node_08
trace,26638,261,2,40145_1,sim,0,26638,26899,26899,261,bigdata_main_node_18
trace,26429,471,2,39738_3,sim,0,26429,26900,26900,471,bigdata_main_node_18
trace,26432,468,2,39740_4,sim,0,26432,26900,26900,468,bigdata_main_node_18
trace,26639,262,2,40145_2,sim,0,26639,26901,26901,262,bigdata_main_node_09
trace,26428,475,2,39735_3,sim,0,26428,26903,26903,475,bigdata_main_node_18
trace,26657,246,2,40157_1,sim,0,26657,26903,26903,246,bigdata_main_node_09
trace,26427,477,2,39735_4,sim,0,26427,26904,26904,477,bigdata_main_node_08
trace,26417,489,2,39735_2,sim,0,26417,26906,26906,489,bigdata_main_node_08
trace,26431,475,2,39740_1,sim,0,26431,26906,26906,475,bigdata_main_node_18
trace,26431,478,2,39740_3,sim,0,26431,26909,26909,478,bigdata_main_node_18
trace,26433,481,2,39740_2,sim,0,26433,26914,26914,481,bigdata_main_node_20
trace,26437,479,2,39738_4,sim,0,26437,26916,26916,479,bigdata_main_node_20
trace,26628,315,2,40135_1,sim,0,26628,26943,26943,315,bigdata_main_node_07
trace,26629,321,2,40135_2,sim,0,26629,26950,26950,321,bigdata_main_node_15
trace,26318,675,2,39512_1,sim,0,26318,26993,26993,675,bigdata_main_node_04
trace,26694,299,2,40198_1,sim,0,26694,26993,26993,299,bigdata_main_node_03
trace,26704,307,2,40208_2,sim,0,26704,27011,27011,307,bigdata_main_node_11
trace,26704,309,2,40208_1,sim,0,26704,27013,27013,309,bigdata_main_node_18
trace,26190,860,2,39402_1,sim,0,26190,27050,27050,860,bigdata_main_node_15
trace,26845,205,2,40446_1,sim,0,26845,27050,27050,205,bigdata_main_node_03
trace,26835,217,2,40373_1,sim,0,26835,27052,27052,217,bigdata_main_node_05
trace,26439,617,2,39743_1,sim,0,26439,27056,27056,617,bigdata_main_node_20
trace,26836,221,2,40373_2,sim,0,26836,27057,27057,221,bigdata_main_node_09
trace,26698,363,2,40201_1,sim,0,26698,27061,27061,363,bigdata_main_node_05
trace,26721,349,2,40295_1,sim,0,26721,27070,27070,349,bigdata_main_node_05
trace,26837,265,2,40376_1,sim,0,26837,27102,27102,265,bigdata_main_node_09
trace,26852,277,2,40449_1,sim,0,26852,27129,27129,277,bigdata_main_node_18
trace,26874,260,2,40471_1,sim,0,26874,27134,27134,260,bigdata_main_node_04
trace,26887,271,2,40479_1,sim,0,26887,27158,27158,271,bigdata_main_node_04
trace,26679,484,2,40179_1,sim,0,26679,27163,27163,484,bigdata_main_node_20
trace,26899,268,2,40488_1,sim,0,26899,27167,27167,268,bigdata_main_node_18
trace,26546,639,2,40040_1,sim,0,26546,27185,27185,639,bigdata_main_node_07
trace,26223,968,2,39406_1,sim,0,26223,27191,27191,968,bigdata_main_node_15
trace,26224,967,2,39406_2,sim,0,26224,27191,27191,967,bigdata_main_node_05
trace,26709,493,2,40213_1,sim,0,26709,27202,27202,493,bigdata_main_node_11
trace,26909,300,2,40496_1,sim,0,26909,27209,27209,300,bigdata_main_node_09
trace,26463,758,2,39829_1,sim,0,26463,27221,27221,758,bigdata_main_node_20
trace,27056,191,2,40799_1,sim,0,27056,27247,27247,191,bigdata_main_node_03
trace,27056,191,2,40799_2,sim,0,27056,27247,27247,191,bigdata_main_node_05
trace,27075,184,2,40816_2,sim,0,27075,27259,27259,184,bigdata_main_node_08
trace,27074,186,2,40816_1,sim,0,27074,27260,27260,186,bigdata_main_node_05
trace,26767,504,2,40336_1,sim,0,26767,27271,27271,504,bigdata_main_node_07
trace,26678,598,2,40181_1,sim,0,26678,27276,27276,598,bigdata_main_node_15
trace,26725,556,2,40300_1,sim,0,26725,27281,27281,556,bigdata_main_node_07
trace,26773,510,2,40336_2,sim,0,26773,27283,27283,510,bigdata_main_node_18
trace,26727,572,2,40303_1,sim,0,26727,27299,27299,572,bigdata_main_node_07
trace,26725,578,2,40298_1,sim,0,26725,27303,27303,578,bigdata_main_node_07
trace,26975,328,2,40585_1,sim,0,26975,27303,27303,328,bigdata_main_node_20
trace,26733,577,2,40306_1,sim,0,26733,27310,27310,577,bigdata_main_node_05
trace,26975,338,2,40585_2,sim,0,26975,27313,27313,338,bigdata_main_node_20
trace,26735,589,2,40308_1,sim,0,26735,27324,27324,589,bigdata_main_node_20
trace,26040,1287,2,39364_1,sim,0,26040,27327,27327,1287,bigdata_main_node_03
trace,26808,533,2,40362_2,sim,0,26808,27341,27341,533,bigdata_main_node_07
trace,26812,530,2,40362_1,sim,0,26812,27342,27342,530,bigdata_main_node_18
trace,26813,531,2,40362_3,sim,0,26813,27344,27344,531,bigdata_main_node_08
trace,26815,529,2,40362_4,sim,0,26815,27344,27344,529,bigdata_main_node_08
trace,26818,529,2,40365_4,sim,0,26818,27347,27347,529,bigdata_main_node_20
trace,26824,529,2,40367_1,sim,0,26824,27353,27353,529,bigdata_main_node_20
trace,26825,531,2,40367_4,sim,0,26825,27356,27356,531,bigdata_main_node_05
trace,26816,541,2,40365_1,sim,0,26816,27357,27357,541,bigdata_main_node_08
trace,26821,536,2,40365_3,sim,0,26821,27357,27357,536,bigdata_main_node_20
trace,26818,540,2,40365_2,sim,0,26818,27358,27358,540,bigdata_main_node_08
trace,26824,534,2,40367_3,sim,0,26824,27358,27358,534,bigdata_main_node_20
trace,26824,535,2,40367_2,sim,0,26824,27359,27359,535,bigdata_main_node_20
trace,26827,533,2,40370_2,sim,0,26827,27360,27360,533,bigdata_main_node_05
trace,26831,529,2,40370_4,sim,0,26831,27360,27360,529,bigdata_main_node_05
trace,26828,534,2,40370_3,sim,0,26828,27362,27362,534,bigdata_main_node_05
trace,26827,536,2,40370_1,sim,0,26827,27363,27363,536,bigdata_main_node_05
trace,26964,402,2,40580_2,sim,0,26964,27366,27366,402,bigdata_main_node_09
trace,26961,406,2,40580_1,sim,0,26961,27367,27367,406,bigdata_main_node_07
trace,27044,331,2,40769_2,sim,0,27044,27375,27375,331,bigdata_main_node_11
trace,27044,332,2,40769_1,sim,0,27044,27376,27376,332,bigdata_main_node_03
trace,26865,514,2,40466_2,sim,0,26865,27379,27379,514,bigdata_main_node_04
trace,26867,515,2,40466_4,sim,0,26867,27382,27382,515,bigdata_main_node_04
trace,26865,518,2,40466_1,sim,0,26865,27383,27383,518,bigdata_main_node_20
trace,26879,504,2,40477_1,sim,0,26879,27383,27383,504,bigdata_main_node_07
trace,26860,525,2,40466_3,sim,0,26860,27385,27385,525,bigdata_main_node_18
trace,26881,504,2,40477_2,sim,0,26881,27385,27385,504,bigdata_main_node_09
trace,26881,505,2,40477_3,sim,0,26881,27386,27386,505,bigdata_main_node_04
trace,26881,508,2,40477_4,sim,0,26881,27389,27389,508,bigdata_main_node_04
trace,26841,569,2,40441_1,sim,0,26841,27410,27410,569,bigdata_main_node_09
trace,26841,570,2,40441_2,sim,0,26841,27411,27411,570,bigdata_main_node_09
trace,26744,683,2,40314_1,sim,0,26744,27427,27427,683,bigdata_main_node_08
trace,26852,584,2,40453_1,sim,0,26852,27436,27436,584,bigdata_main_node_03
trace,26853,610,2,40455_1,sim,0,26853,27463,27463,610,bigdata_main_node_03
trace,26853,610,2,40455_2,sim,0,26853,27463,27463,610,bigdata_main_node_03
trace,27210,273,2,40939_1,sim,0,27210,27483,27483,273,bigdata_main_node_05
trace,26728,763,2,40311_1,sim,0,26728,27491,27491,763,bigdata_main_node_07
trace,27061,451,2,40810_1,sim,0,27061,27512,27512,451,bigdata_main_node_05
trace,27179,333,2,40920_1,sim,0,27179,27512,27512,333,bigdata_main_node_20
trace,27056,458,2,40801_1,sim,0,27056,27514,27514,458,bigdata_main_node_20
trace,27056,458,2,40801_2,sim,0,27056,27514,27514,458,bigdata_main_node_04
trace,27057,457,2,40801_4,sim,0,27057,27514,27514,457,bigdata_main_node_09
trace,27064,452,2,40810_2,sim,0,27064,27516,27516,452,bigdata_main_node_04
trace,27064,452,2,40810_3,sim,0,27064,27516,27516,452,bigdata_main_node_04
trace,27049,469,2,40801_3,sim,0,27049,27518,27518,469,bigdata_main_node_04
trace,27065,453,2,40810_4,sim,0,27065,27518,27518,453,bigdata_main_node_04
trace,27188,343,2,40923_1,sim,0,27188,27531,27531,343,bigdata_main_node_04
trace,27357,188,2,40990_1,sim,0,27357,27545,27545,188,bigdata_main_node_05
trace,26841,756,2,40438_1,sim,0,26841,27597,27597,756,bigdata_main_node_09
trace,27327,274,2,40975_2,sim,0,27327,27601,27601,274,bigdata_main_node_03
trace,27327,274,2,40975_3,sim,0,27327,27601,27601,274,bigdata_main_node_05
trace,27327,274,2,40975_4,sim,0,27327,27601,27601,274,bigdata_main_node_08
trace,27329,282,2,40975_1,sim,0,27329,27611,27611,282,bigdata_main_node_08
trace,27188,439,2,40926_1,sim,0,27188,27627,27627,439,bigdata_main_node_04
trace,27246,383,2,40954_1,sim,0,27246,27629,27629,383,bigdata_main_node_11
trace,26856,797,2,40463_1,sim,0,26856,27653,27653,797,bigdata_main_node_03
trace,27249,405,2,40957_1,sim,0,27249,27654,27654,405,bigdata_main_node_03
trace,27186,481,2,40928_1,sim,0,27186,27667,27667,481,bigdata_main_node_07
trace,27269,417,2,40967_1,sim,0,27269,27686,27686,417,bigdata_main_node_05
trace,27249,445,2,40959_1,sim,0,27249,27694,27694,445,bigdata_main_node_05
trace,27408,306,2,41075_1,sim,0,27408,27714,27714,306,bigdata_main_node_07
trace,27118,665,2,40873_2,sim,0,27118,27783,27783,665,bigdata_main_node_08
trace,27109,679,2,40873_1,sim,0,27109,27788,27788,679,bigdata_main_node_09
trace,24967,2830,2,37097_1,sim,0,24967,27797,27797,2830,bigdata_main_node_03
trace,27408,395,2,41078_1,sim,0,27408,27803,27803,395,bigdata_main_node_07
trace,27341,463,2,40983_1,sim,0,27341,27804,27804,463,bigdata_main_node_20
trace,27189,637,2,40931_1,sim,0,27189,27826,27826,637,bigdata_main_node_08
trace,26492,1351,2,39875_1,sim,0,26492,27843,27843,1351,bigdata_main_node_07
trace,26040,1840,2,39366_1,sim,0,26040,27880,27880,1840,bigdata_main_node_06
trace,27251,659,2,40962_1,sim,0,27251,27910,27910,659,bigdata_main_node_20
trace,27492,430,2,41162_1,sim,0,27492,27922,27922,430,bigdata_main_node_07
trace,26841,1102,2,40436_1,sim,0,26841,27943,27943,1102,bigdata_main_node_09
trace,27493,467,2,41167_1,sim,0,27493,27960,27960,467,bigdata_main_node_03
trace,26112,1881,2,39373_1,sim,0,26112,27993,27993,1881,bigdata_main_node_04
trace,27807,189,2,41630_1,sim,0,27807,27996,27996,189,bigdata_main_node_02
trace,27807,191,2,41630_2,sim,0,27807,27998,27998,191,bigdata_main_node_07
trace,27748,257,2,41592_1,sim,0,27748,28005,28005,257,bigdata_main_node_18
trace,27480,531,2,41125_1,sim,0,27480,28011,28011,531,bigdata_main_node_08
trace,27380,643,2,41051_1,sim,0,27380,28023,28023,643,bigdata_main_node_08
trace,27457,597,2,41113_1,sim,0,27457,28054,28054,597,bigdata_main_node_03
trace,27844,222,2,41709_1,sim,0,27844,28066,28066,222,bigdata_main_node_07
trace,27603,468,2,41429_1,sim,0,27603,28071,28071,468,bigdata_main_node_03
trace,27848,259,2,41697_1,sim,0,27848,28107,28107,259,bigdata_main_node_08
trace,27920,214,2,41817_1,sim,0,27920,28134,28134,214,bigdata_main_node_06
trace,27920,220,2,41817_2,sim,0,27920,28140,28140,220,bigdata_main_node_20
trace,27923,217,2,41817_4,sim,0,27923,28140,28140,217,bigdata_main_node_07
trace,27920,233,2,41817_3,sim,0,27920,28153,28153,233,bigdata_main_node_20
trace,27380,824,2,41016_1,sim,0,27380,28204,28204,824,bigdata_main_node_04
trace,27253,952,2,40965_1,sim,0,27253,28205,28205,952,bigdata_main_node_08
trace,27370,856,2,41000_1,sim,0,27370,28226,28226,856,bigdata_main_node_05
trace,27368,862,2,40992_1,sim,0,27368,28230,28230,862,bigdata_main_node_09
trace,27382,851,2,41019_1,sim,0,27382,28233,28233,851,bigdata_main_node_04
trace,26858,1378,2,40461_1,sim,0,26858,28236,28236,1378,bigdata_main_node_07
trace,27606,658,2,41432_1,sim,0,27606,28264,28264,658,bigdata_main_node_09
trace,27372,902,2,41003_1,sim,0,27372,28274,28274,902,bigdata_main_node_05
trace,27741,537,2,41583_1,sim,0,27741,28278,28278,537,bigdata_main_node_15
trace,27740,540,2,41580_3,sim,0,27740,28280,28280,540,bigdata_main_node_15
trace,27740,541,2,41580_1,sim,0,27740,28281,28281,541,bigdata_main_node_15
trace,27740,541,2,41580_2,sim,0,27740,28281,28281,541,bigdata_main_node_15
trace,27741,540,2,41583_2,sim,0,27741,28281,28281,540,bigdata_main_node_15
trace,27741,541,2,41583_3,sim,0,27741,28282,28282,541,bigdata_main_node_15
trace,27741,541,2,41583_4,sim,0,27741,28282,28282,541,bigdata_main_node_18
trace,27740,544,2,41580_4,sim,0,27740,28284,28284,544,bigdata_main_node_15
trace,27758,526,2,41594_1,sim,0,27758,28284,28284,526,bigdata_main_node_18
trace,27768,530,2,41600_1,sim,0,27768,28298,28298,530,bigdata_main_node_18
trace,27341,959,2,40980_1,sim,0,27341,28300,28300,959,bigdata_main_node_20
trace,27368,941,2,40995_1,sim,0,27368,28309,28309,941,bigdata_main_node_05
trace,27373,942,2,41006_1,sim,0,27373,28315,28315,942,bigdata_main_node_08
trace,27946,369,2,41869_1,sim,0,27946,28315,28315,369,bigdata_main_node_09
trace,27373,944,2,41008_1,sim,0,27373,28317,28317,944,bigdata_main_node_08
trace,26184,2137,2,39396_2,sim,0,26184,28321,28321,2137,bigdata_main_node_03
trace,27772,555,2,41613_1,sim,0,27772,28327,28327,555,bigdata_main_node_02
trace,27382,947,2,41040_1,sim,0,27382,28329,28329,947,bigdata_main_node_07
trace,27376,956,2,41011_1,sim,0,27376,28332,28332,956,bigdata_main_node_03
trace,26185,2149,2,39396_1,sim,0,26185,28334,28334,2149,bigdata_main_node_18
trace,26842,1495,2,40444_1,sim,0,26842,28337,28337,1495,bigdata_main_node_03
trace,27369,973,2,40998_1,sim,0,27369,28342,28342,973,bigdata_main_node_05
trace,27383,970,2,41027_1,sim,0,27383,28353,28353,970,bigdata_main_node_20
trace,27382,977,2,41043_1,sim,0,27382,28359,28359,977,bigdata_main_node_07
trace,27376,985,2,41014_1,sim,0,27376,28361,28361,985,bigdata_main_node_11
trace,28142,244,2,42045_1,sim,0,28142,28386,28386,244,bigdata_main_node_20
trace,28142,245,2,42045_2,sim,0,28142,28387,28387,245,bigdata_main_node_07
trace,28144,245,2,42045_3,sim,0,28144,28389,28389,245,bigdata_main_node_07
trace,28138,253,2,42045_4,sim,0,28138,28391,28391,253,bigdata_main_node_06
trace,27382,1011,2,41030_1,sim,0,27382,28393,28393,1011,bigdata_main_node_20
trace,27382,1020,2,41022_1,sim,0,27382,28402,28402,1020,bigdata_main_node_08
trace,27382,1030,2,41032_1,sim,0,27382,28412,28412,1030,bigdata_main_node_20
trace,27771,683,2,41602_1,sim,0,27771,28454,28454,683,bigdata_main_node_18
trace,28217,256,2,42119_1,sim,0,28217,28473,28473,256,bigdata_main_node_12
trace,28242,234,2,42141_1,sim,0,28242,28476,28476,234,bigdata_main_node_05
trace,27771,733,2,41605_1,sim,0,27771,28504,28504,733,bigdata_main_node_18
trace,27382,1127,2,41035_1,sim,0,27382,28509,28509,1127,bigdata_main_node_20
trace,27494,1017,2,41165_1,sim,0,27494,28511,28511,1017,bigdata_main_node_03
trace,27772,748,2,41608_1,sim,0,27772,28520,28520,748,bigdata_main_node_18
trace,28222,301,2,42133_1,sim,0,28222,28523,28523,301,bigdata_main_node_12
trace,28090,438,2,42008_1,sim,0,28090,28528,28528,438,bigdata_main_node_04
trace,27382,1154,2,41024_1,sim,0,27382,28536,28536,1154,bigdata_main_node_20
trace,27772,768,2,41610_1,sim,0,27772,28540,28540,768,bigdata_main_node_02
trace,27382,1165,2,41038_1,sim,0,27382,28547,28547,1165,bigdata_main_node_20
trace,27615,968,2,41438_1,sim,0,27615,28583,28583,968,bigdata_main_node_08
trace,27616,969,2,41438_2,sim,0,27616,28585,28585,969,bigdata_main_node_20
trace,28375,211,2,42274_1,sim,0,28375,28586,28586,211,bigdata_main_node_05
trace,27971,651,2,41883_1,sim,0,27971,28622,28622,651,bigdata_main_node_03
trace,28217,447,2,42121_1,sim,0,28217,28664,28664,447,bigdata_main_node_12
trace,27603,1079,2,41436_2,sim,0,27603,28682,28682,1079,bigdata_main_node_08
trace,27608,1075,2,41436_1,sim,0,27608,28683,28683,1075,bigdata_main_node_09
trace,27617,1073,2,41436_3,sim,0,27617,28690,28690,1073,bigdata_main_node_20
trace,28458,245,2,42335_3,sim,0,28458,28703,28703,245,bigdata_main_node_09
trace,28459,245,2,42340_2,sim,0,28459,28704,28704,245,bigdata_main_node_03
trace,28459,245,2,42340_4,sim,0,28459,28704,28704,245,bigdata_main_node_03
trace,28460,246,2,42345_1,sim,0,28460,28706,28706,246,bigdata_main_node_18
trace,28461,245,2,42340_3,sim,0,28461,28706,28706,245,bigdata_main_node_08
trace,28461,249,2,42345_2,sim,0,28461,28710,28710,249,bigdata_main_node_08
trace,28469,245,2,42345_4,sim,0,28469,28714,28714,245,bigdata_main_node_07
trace,28466,251,2,42340_1,sim,0,28466,28717,28717,251,bigdata_main_node_07
trace,28461,262,2,42335_2,sim,0,28461,28723,28723,262,bigdata_main_node_08
trace,28469,256,2,42345_3,sim,0,28469,28725,28725,256,bigdata_main_node_07
trace,28459,268,2,42335_1,sim,0,28459,28727,28727,268,bigdata_main_node_11
trace,28460,269,2,42335_4,sim,0,28460,28729,28729,269,bigdata_main_node_18
trace,28240,495,2,42136_1,sim,0,28240,28735,28735,495,bigdata_main_node_04
trace,28432,317,2,42316_1,sim,0,28432,28749,28749,317,bigdata_main_node_06
trace,28083,675,2,42003_1,sim,0,28083,28758,28758,675,bigdata_main_node_02
trace,26200,2560,2,39400_1,sim,0,26200,28760,28760,2560,bigdata_main_node_15
trace,28217,593,2,42125_1,sim,0,28217,28810,28810,593,bigdata_main_node_12
trace,27382,1441,2,41048_1,sim,0,27382,28823,28823,1441,bigdata_main_node_07
trace,27230,1633,2,40941_1,sim,0,27230,28863,28863,1633,bigdata_main_node_09
trace,28325,563,2,42225_1,sim,0,28325,28888,28888,563,bigdata_main_node_03
trace,27388,1518,2,41046_1,sim,0,27388,28906,28906,1518,bigdata_main_node_04
trace,28621,288,2,42466_1,sim,0,28621,28909,28909,288,bigdata_main_node_16
trace,28733,221,2,42542_1,sim,0,28733,28954,28954,221,bigdata_main_node_09
trace,28337,634,2,42240_1,sim,0,28337,28971,28971,634,bigdata_main_node_02
trace,28246,730,2,42150_1,sim,0,28246,28976,28976,730,bigdata_main_node_12
trace,28242,743,2,42144_1,sim,0,28242,28985,28985,743,bigdata_main_node_07
trace,28626,368,2,42468_1,sim,0,28626,28994,28994,368,bigdata_main_node_03
trace,28555,444,2,42412_1,sim,0,28555,28999,28999,444,bigdata_main_node_02
trace,28191,920,2,42089_1,sim,0,28191,29111,29111,920,bigdata_main_node_07
trace,28196,921,2,42089_2,sim,0,28196,29117,29117,921,bigdata_main_node_20
trace,28593,560,2,42429_1,sim,0,28593,29153,29153,560,bigdata_main_node_05
trace,28636,522,2,42472_1,sim,0,28636,29158,29158,522,bigdata_main_node_16
trace,28872,304,2,42600_3,sim,0,28872,29176,29176,304,bigdata_main_node_18
trace,28865,312,2,42600_4,sim,0,28865,29177,29177,312,bigdata_main_node_09
trace,28866,311,2,42603_3,sim,0,28866,29177,29177,311,bigdata_main_node_15
trace,28868,309,2,42605_1,sim,0,28868,29177,29177,309,bigdata_main_node_03
trace,28872,306,2,42600_1,sim,0,28872,29178,29178,306,bigdata_main_node_03
trace,28874,304,2,42603_1,sim,0,28874,29178,29178,304,bigdata_main_node_18
trace,28874,304,2,42603_2,sim,0,28874,29178,29178,304,bigdata_main_node_08
trace,28305,874,2,42195_1,sim,0,28305,29179,29179,874,bigdata_main_node_18
trace,28876,304,2,42605_2,sim,0,28876,29180,29180,304,bigdata_main_node_07
trace,28878,303,2,42605_3,sim,0,28878,29181,29181,303,bigdata_main_node_07
trace,28882,306,2,42605_4,sim,0,28882,29188,29188,306,bigdata_main_node_07
trace,28901,287,2,42636_1,sim,0,28901,29188,29188,287,bigdata_main_node_17
trace,28901,287,2,42636_3,sim,0,28901,29188,29188,287,bigdata_main_node_17
trace,28692,497,2,42506_1,sim,0,28692,29189,29189,497,bigdata_main_node_20
trace,28875,315,2,42600_2,sim,0,28875,29190,29190,315,bigdata_main_node_08
trace,28605,586,2,42456_1,sim,0,28605,29191,29191,586,bigdata_main_node_12
trace,28875,316,2,42603_4,sim,0,28875,29191,29191,316,bigdata_main_node_08
trace,28901,296,2,42636_4,sim,0,28901,29197,29197,296,bigdata_main_node_17
trace,28902,296,2,42636_2,sim,0,28902,29198,29198,296,bigdata_main_node_17
trace,28248,954,2,42148_1,sim,0,28248,29202,29202,954,bigdata_main_node_16
trace,28857,354,2,42596_1,sim,0,28857,29211,29211,354,bigdata_main_node_12
trace,28608,619,2,42460_1,sim,0,28608,29227,29227,619,bigdata_main_node_18
trace,28674,572,2,42504_1,sim,0,28674,29246,29246,572,bigdata_main_node_12
trace,28590,663,2,42431_1,sim,0,28590,29253,29253,663,bigdata_main_node_04
trace,28575,697,2,42426_1,sim,0,28575,29272,29272,697,bigdata_main_node_03
trace,27700,1589,2,41522_1,sim,0,27700,29289,29289,1589,bigdata_main_node_05
trace,29097,193,2,42743_1,sim,0,29097,29290,29290,193,bigdata_main_node_17
trace,28641,710,2,42475_1,sim,0,28641,29351,29351,710,bigdata_main_node_16
trace,29036,317,2,42715_1,sim,0,29036,29353,29353,317,bigdata_main_node_04
trace,27388,1976,2,41054_1,sim,0,27388,29364,29364,1976,bigdata_main_node_09
trace,27389,1979,2,41054_2,sim,0,27389,29368,29368,1979,bigdata_main_node_04
trace,28636,737,2,42477_1,sim,0,28636,29373,29373,737,bigdata_main_node_16
trace,28685,691,2,42514_2,sim,0,28685,29376,29376,691,bigdata_main_node_08
trace,28687,689,2,42514_1,sim,0,28687,29376,29376,689,bigdata_main_node_15
trace,25810,3581,2,39074_1,sim,0,25810,29391,29391,3581,bigdata_main_node_14
trace,25812,3579,2,39074_2,sim,0,25812,29391,29391,3579,bigdata_main_node_09
trace,29192,201,2,42826_1,sim,0,29192,29393,29393,201,bigdata_main_node_15
trace,27340,2063,2,40978_1,sim,0,27340,29403,29403,2063,bigdata_main_node_20
trace,29093,313,2,42741_1,sim,0,29093,29406,29406,313,bigdata_main_node_02
trace,28617,802,2,42463_1,sim,0,28617,29419,29419,802,bigdata_main_node_18
trace,28813,621,2,42578_1,sim,0,28813,29434,29434,621,bigdata_main_node_02
trace,28687,790,2,42522_1,sim,0,28687,29477,29477,790,bigdata_main_node_15
trace,28688,789,2,42522_2,sim,0,28688,29477,29477,789,bigdata_main_node_15
trace,29175,312,2,42810_1,sim,0,29175,29487,29487,312,bigdata_main_node_05
trace,29293,207,2,42997_1,sim,0,29293,29500,29500,207,bigdata_main_node_03
trace,29251,277,2,42892_1,sim,0,29251,29528,29528,277,bigdata_main_node_12
trace,28838,698,2,42592_1,sim,0,28838,29536,29536,698,bigdata_main_node_06
trace,29306,230,2,43027_1,sim,0,29306,29536,29536,230,bigdata_main_node_05
trace,29306,232,2,43024_1,sim,0,29306,29538,29538,232,bigdata_main_node_04
trace,28685,858,2,42516_1,sim,0,28685,29543,29543,858,bigdata_main_node_09
trace,28685,858,2,42516_2,sim,0,28685,29543,29543,858,bigdata_main_node_15
trace,28847,700,2,42592_2,sim,0,28847,29547,29547,700,bigdata_main_node_11
trace,27489,2117,2,41170_1,sim,0,27489,29606,29606,2117,bigdata_main_node_05
trace,29406,200,2,43111_1,sim,0,29406,29606,29606,200,bigdata_main_node_02
trace,28818,811,2,42587_1,sim,0,28818,29629,29629,811,bigdata_main_node_04
trace,29175,463,2,42815_1,sim,0,29175,29638,29638,463,bigdata_main_node_07
trace,28687,988,2,42519_1,sim,0,28687,29675,29675,988,bigdata_main_node_15
trace,28690,996,2,42519_2,sim,0,28690,29686,29686,996,bigdata_main_node_20
trace,29499,214,2,43208_1,sim,0,29499,29713,29713,214,bigdata_main_node_05
trace,29499,229,2,43211_1,sim,0,29499,29728,29728,229,bigdata_main_node_04
trace,29077,652,2,42736_2,sim,0,29077,29729,29729,652,bigdata_main_node_16
trace,29077,656,2,42736_1,sim,0,29077,29733,29733,656,bigdata_main_node_12
trace,29035,705,2,42723_1,sim,0,29035,29740,29740,705,bigdata_main_node_03
trace,28213,1531,2,42105_1,sim,0,28213,29744,29744,1531,bigdata_main_node_12
trace,29039,705,2,42718_1,sim,0,29039,29744,29744,705,bigdata_main_node_07
trace,29191,590,2,42829_1,sim,0,29191,29781,29781,590,bigdata_main_node_09
trace,28686,1115,2,42511_1,sim,0,28686,29801,29801,1115,bigdata_main_node_15
trace,28689,1126,2,42511_2,sim,0,28689,29815,29815,1126,bigdata_main_node_20
trace,29039,781,2,42720_1,sim,0,29039,29820,29820,781,bigdata_main_node_09
trace,28896,940,2,42620_2,sim,0,28896,29836,29836,940,bigdata_main_node_20
trace,28895,950,2,42620_1,sim,0,28895,29845,29845,950,bigdata_main_node_20
trace,26853,3041,2,40458_1,sim,0,26853,29894,29894,3041,bigdata_main_node_03
trace,28208,1688,2,42092_1,sim,0,28208,29896,29896,1688,bigdata_main_node_08
trace,28893,1004,2,42612_1,sim,0,28893,29897,29897,1004,bigdata_main_node_20
trace,28893,1004,2,42612_2,sim,0,28893,29897,29897,1004,bigdata_main_node_20
trace,29602,297,2,43296_1,sim,0,29602,29899,29899,297,bigdata_main_node_11
trace,28326,1575,2,42227_1,sim,0,28326,29901,29901,1575,bigdata_main_node_05
trace,28895,1017,2,42622_2,sim,0,28895,29912,29912,1017,bigdata_main_node_20
trace,28897,1027,2,42622_1,sim,0,28897,29924,29924,1027,bigdata_main_node_17
trace,28894,1041,2,42614_2,sim,0,28894,29935,29935,1041,bigdata_main_node_20
trace,29609,339,2,43306_1,sim,0,29609,29948,29948,339,bigdata_main_node_02
trace,29611,338,2,43306_2,sim,0,29611,29949,29949,338,bigdata_main_node_05
trace,29611,338,2,43306_3,sim,0,29611,29949,29949,338,bigdata_main_node_07
trace,29612,338,2,43306_4,sim,0,29612,29950,29950,338,bigdata_main_node_07
trace,28897,1059,2,42614_1,sim,0,28897,29956,29956,1059,bigdata_main_node_17
trace,29558,400,2,43264_1,sim,0,29558,29958,29958,400,bigdata_main_node_03
trace,29206,782,2,42841_1,sim,0,29206,29988,29988,782,bigdata_main_node_20
trace,28243,1755,2,42153_1,sim,0,28243,29998,29998,1755,bigdata_main_node_09
trace,28207,1821,2,42108_1,sim,0,28207,30028,30028,1821,bigdata_main_node_08
trace,28895,1149,2,42617_1,sim,0,28895,30044,30044,1149,bigdata_main_node_20
trace,29078,968,2,42731_1,sim,0,29078,30046,30046,968,bigdata_main_node_02
trace,28899,1165,2,42617_2,sim,0,28899,30064,30064,1165,bigdata_main_node_17
trace,28893,1172,2,42609_2,sim,0,28893,30065,30065,1172,bigdata_main_node_07
trace,28220,1847,2,42128_1,sim,0,28220,30067,30067,1847,bigdata_main_node_12
trace,28892,1177,2,42609_1,sim,0,28892,30069,30069,1177,bigdata_main_node_03
trace,28214,1886,2,42111_1,sim,0,28214,30100,30100,1886,bigdata_main_node_12
trace,28255,1851,2,42166_1,sim,0,28255,30106,30106,1851,bigdata_main_node_16
trace,28269,1844,2,42172_1,sim,0,28269,30113,30113,1844,bigdata_main_node_09
trace,29426,740,2,43163_2,sim,0,29426,30166,30166,740,bigdata_main_node_20
trace,29426,741,2,43163_1,sim,0,29426,30167,30167,741,bigdata_main_node_14
trace,28102,2086,2,42011_1,sim,0,28102,30188,30188,2086,bigdata_main_node_18
trace,29321,890,2,43039_2,sim,0,29321,30211,30211,890,bigdata_main_node_12
trace,29322,891,2,43039_1,sim,0,29322,30213,30213,891,bigdata_main_node_07
trace,28209,2041,2,42095_1,sim,0,28209,30250,30250,2041,bigdata_main_node_08
trace,28252,2002,2,42156_1,sim,0,28252,30254,30254,2002,bigdata_main_node_16
trace,29684,586,2,43347_1,sim,0,29684,30270,30270,586,bigdata_main_node_07
trace,29684,586,2,43347_2,sim,0,29684,30270,30270,586,bigdata_main_node_15
trace,29684,586,2,43347_3,sim,0,29684,30270,30270,586,bigdata_main_node_15
trace,29684,587,2,43347_4,sim,0,29684,30271,30271,587,bigdata_main_node_15
trace,29744,529,2,43359_1,sim,0,29744,30273,30273,529,bigdata_main_node_03
trace,28214,2061,2,42113_1,sim,0,28214,30275,30275,2061,bigdata_main_node_12
trace,29490,785,2,43204_1,sim,0,29490,30275,30275,785,bigdata_main_node_02
trace,29751,527,2,43356_2,sim,0,29751,30278,30278,527,bigdata_main_node_05
trace,29751,527,2,43356_4,sim,0,29751,30278,30278,527,bigdata_main_node_07
trace,29752,526,2,43356_3,sim,0,29752,30278,30278,526,bigdata_main_node_15
trace,29752,526,2,43359_2,sim,0,29752,30278,30278,526,bigdata_main_node_16
trace,29752,526,2,43359_4,sim,0,29752,30278,30278,526,bigdata_main_node_12
trace,29752,526,2,43361_1,sim,0,29752,30278,30278,526,bigdata_main_node_12
trace,29752,526,2,43361_2,sim,0,29752,30278,30278,526,bigdata_main_node_18
trace,29755,523,2,43361_3,sim,0,29755,30278,30278,523,bigdata_main_node_18
trace,29751,528,2,43356_1,sim,0,29751,30279,30279,528,bigdata_main_node_04
trace,29752,527,2,43359_3,sim,0,29752,30279,30279,527,bigdata_main_node_20
trace,29753,526,2,43361_4,sim,0,29753,30279,30279,526,bigdata_main_node_18
trace,29753,526,2,43364_1,sim,0,29753,30279,30279,526,bigdata_main_node_18
trace,29753,526,2,43364_2,sim,0,29753,30279,30279,526,bigdata_main_node_18
trace,29755,524,2,43364_3,sim,0,29755,30279,30279,524,bigdata_main_node_17
trace,29755,524,2,43364_4,sim,0,29755,30279,30279,524,bigdata_main_node_17
trace,29755,524,2,43367_1,sim,0,29755,30279,30279,524,bigdata_main_node_17
trace,29755,524,2,43367_2,sim,0,29755,30279,30279,524,bigdata_main_node_17
trace,29755,524,2,43367_4,sim,0,29755,30279,30279,524,bigdata_main_node_17
trace,29755,524,2,43369_1,sim,0,29755,30279,30279,524,bigdata_main_node_17
trace,29755,525,2,43369_2,sim,0,29755,30280,30280,525,bigdata_main_node_17
trace,29756,524,2,43369_4,sim,0,29756,30280,30280,524,bigdata_main_node_19
trace,29756,526,2,43367_3,sim,0,29756,30282,30282,526,bigdata_main_node_17
trace,29756,526,2,43369_3,sim,0,29756,30282,30282,526,bigdata_main_node_17
trace,28277,2011,2,42174_1,sim,0,28277,30288,30288,2011,bigdata_main_node_05
trace,28293,2035,2,42182_1,sim,0,28293,30328,30328,2035,bigdata_main_node_18
trace,28208,2133,2,42097_1,sim,0,28208,30341,30341,2133,bigdata_main_node_08
trace,30022,326,2,43479_1,sim,0,30022,30348,30348,326,bigdata_main_node_08
trace,29558,796,2,43266_2,sim,0,29558,30354,30354,796,bigdata_main_node_06
trace,29558,797,2,43266_1,sim,0,29558,30355,30355,797,bigdata_main_node_05
trace,28216,2140,2,42130_1,sim,0,28216,30356,30356,2140,bigdata_main_node_12
trace,28252,2135,2,42158_1,sim,0,28252,30387,30387,2135,bigdata_main_node_16
trace,29791,617,2,43380_1,sim,0,29791,30408,30408,617,bigdata_main_node_09
trace,29797,616,2,43393_2,sim,0,29797,30413,30413,616,bigdata_main_node_19
trace,29804,611,2,43396_1,sim,0,29804,30415,30415,611,bigdata_main_node_19
trace,29804,612,2,43396_2,sim,0,29804,30416,30416,612,bigdata_main_node_19
trace,28102,2316,2,42013_1,sim,0,28102,30418,30418,2316,bigdata_main_node_03
trace,29803,616,2,43393_1,sim,0,29803,30419,30419,616,bigdata_main_node_15
trace,28210,2218,2,42103_1,sim,0,28210,30428,30428,2218,bigdata_main_node_12
trace,29602,832,2,43298_1,sim,0,29602,30434,30434,832,bigdata_main_node_12
trace,21934,8529,2,31520_4,sim,0,21934,30463,30463,8529,bigdata_main_node_05
trace,21941,8529,2,31520_2,sim,0,21941,30470,30470,8529,bigdata_main_node_07
trace,21942,8528,2,31520_1,sim,0,21942,30470,30470,8528,bigdata_main_node_11
trace,21942,8528,2,31520_3,sim,0,21942,30470,30470,8528,bigdata_main_node_11
trace,28252,2228,2,42161_1,sim,0,28252,30480,30480,2228,bigdata_main_node_16
trace,28643,1853,2,42480_1,sim,0,28643,30496,30496,1853,bigdata_main_node_16
trace,28259,2239,2,42169_1,sim,0,28259,30498,30498,2239,bigdata_main_node_16
trace,30071,430,2,43517_1,sim,0,30071,30501,30501,430,bigdata_main_node_03
trace,30072,431,2,43517_2,sim,0,30072,30503,30503,431,bigdata_main_node_09
trace,28207,2320,2,42100_1,sim,0,28207,30527,30527,2320,bigdata_main_node_04
trace,29970,566,2,43448_1,sim,0,29970,30536,30536,566,bigdata_main_node_03
trace,28278,2281,2,42177_1,sim,0,28278,30559,30559,2281,bigdata_main_node_15
trace,28214,2361,2,42116_1,sim,0,28214,30575,30575,2361,bigdata_main_node_12
trace,30073,515,2,43522_1,sim,0,30073,30588,30588,515,bigdata_main_node_11
trace,30073,519,2,43522_2,sim,0,30073,30592,30592,519,bigdata_main_node_12
trace,30067,533,2,43522_3,sim,0,30067,30600,30600,533,bigdata_main_node_02
trace,30067,534,2,43522_4,sim,0,30067,30601,30601,534,bigdata_main_node_08
trace,28254,2426,2,42164_1,sim,0,28254,30680,30680,2426,bigdata_main_node_16
trace,28288,2434,2,42180_1,sim,0,28288,30722,30722,2434,bigdata_main_node_18
trace,29191,1564,2,42835_1,sim,0,29191,30755,30755,1564,bigdata_main_node_12
trace,29953,850,2,43423_1,sim,0,29953,30803,30803,850,bigdata_main_node_02
trace,29175,1819,2,42823_1,sim,0,29175,30994,30994,1819,bigdata_main_node_16
trace,28110,2897,2,42016_1,sim,0,28110,31007,31007,2897,bigdata_main_node_03
trace,30835,203,2,44311_1,sim,0,30835,31038,31038,203,bigdata_main_node_18
trace,30827,216,2,44316_1,sim,0,30827,31043,31043,216,bigdata_main_node_18
trace,30835,225,2,44321_1,sim,0,30835,31060,31060,225,bigdata_main_node_18
trace,30837,240,2,44327_1,sim,0,30837,31077,31077,240,bigdata_main_node_18
trace,30837,242,2,44337_1,sim,0,30837,31079,31079,242,bigdata_main_node_12
trace,30837,245,2,44332_1,sim,0,30837,31082,31082,245,bigdata_main_node_12
trace,30598,510,2,44010_1,sim,0,30598,31108,31108,510,bigdata_main_node_06
trace,30599,509,2,44010_2,sim,0,30599,31108,31108,509,bigdata_main_node_14
trace,30597,538,2,44018_3,sim,0,30597,31135,31135,538,bigdata_main_node_02
trace,30604,538,2,44015_2,sim,0,30604,31142,31142,538,bigdata_main_node_09
trace,30604,538,2,44015_3,sim,0,30604,31142,31142,538,bigdata_main_node_09
trace,30604,538,2,44015_4,sim,0,30604,31142,31142,538,bigdata_main_node_09
trace,30604,538,2,44018_1,sim,0,30604,31142,31142,538,bigdata_main_node_11
trace,30604,538,2,44018_2,sim,0,30604,31142,31142,538,bigdata_main_node_11
trace,30604,538,2,44018_4,sim,0,30604,31142,31142,538,bigdata_main_node_11
trace,30604,538,2,44020_1,sim,0,30604,31142,31142,538,bigdata_main_node_03
trace,30604,539,2,44015_1,sim,0,30604,31143,31143,539,bigdata_main_node_02
trace,30604,539,2,44020_3,sim,0,30604,31143,31143,539,bigdata_main_node_03
trace,30604,539,2,44023_2,sim,0,30604,31143,31143,539,bigdata_main_node_03
trace,30604,539,2,44026_4,sim,0,30604,31143,31143,539,bigdata_main_node_03
trace,30605,538,2,44020_2,sim,0,30605,31143,31143,538,bigdata_main_node_08
trace,30605,538,2,44020_4,sim,0,30605,31143,31143,538,bigdata_main_node_08
trace,30605,538,2,44023_1,sim,0,30605,31143,31143,538,bigdata_main_node_08
trace,30605,538,2,44023_3,sim,0,30605,31143,31143,538,bigdata_main_node_08
trace,30605,538,2,44023_4,sim,0,30605,31143,31143,538,bigdata_main_node_05
trace,30605,538,2,44026_1,sim,0,30605,31143,31143,538,bigdata_main_node_05
trace,30605,538,2,44026_2,sim,0,30605,31143,31143,538,bigdata_main_node_05
trace,30605,538,2,44026_3,sim,0,30605,31143,31143,538,bigdata_main_node_05
trace,30605,538,2,44028_1,sim,0,30605,31143,31143,538,bigdata_main_node_05
trace,30605,538,2,44028_2,sim,0,30605,31143,31143,538,bigdata_main_node_05
trace,30605,538,2,44028_3,sim,0,30605,31143,31143,538,bigdata_main_node_15
trace,30605,538,2,44028_4,sim,0,30605,31143,31143,538,bigdata_main_node_15
trace,30817,400,2,44212_1,sim,0,30817,31217,31217,400,bigdata_main_node_18
trace,30764,517,2,44125_1,sim,0,30764,31281,31281,517,bigdata_main_node_07
trace,29671,1628,2,43332_1,sim,0,29671,31299,31299,1628,bigdata_main_node_04
trace,30802,512,2,44193_1,sim,0,30802,31314,31314,512,bigdata_main_node_07
trace,30623,693,2,44067_1,sim,0,30623,31316,31316,693,bigdata_main_node_15
trace,30804,513,2,44193_3,sim,0,30804,31317,31317,513,bigdata_main_node_07
trace,30804,513,2,44193_4,sim,0,30804,31317,31317,513,bigdata_main_node_07
trace,30807,511,2,44195_4,sim,0,30807,31318,31318,511,bigdata_main_node_16
trace,30803,516,2,44193_2,sim,0,30803,31319,31319,516,bigdata_main_node_02
trace,30810,509,2,44198_1,sim,0,30810,31319,31319,509,bigdata_main_node_16
trace,30811,508,2,44198_3,sim,0,30811,31319,31319,508,bigdata_main_node_16
trace,30811,508,2,44198_4,sim,0,30811,31319,31319,508,bigdata_main_node_16
trace,30811,508,2,44201_1,sim,0,30811,31319,31319,508,bigdata_main_node_16
trace,30807,513,2,44195_1,sim,0,30807,31320,31320,513,bigdata_main_node_07
trace,30807,513,2,44195_2,sim,0,30807,31320,31320,513,bigdata_main_node_07
trace,30811,512,2,44198_2,sim,0,30811,31323,31323,512,bigdata_main_node_16
trace,30811,512,2,44201_2,sim,0,30811,31323,31323,512,bigdata_main_node_16
trace,30800,524,2,44195_3,sim,0,30800,31324,31324,524,bigdata_main_node_07
trace,30813,513,2,44201_4,sim,0,30813,31326,31326,513,bigdata_main_node_18
trace,30812,519,2,44201_3,sim,0,30812,31331,31331,519,bigdata_main_node_16
trace,30599,745,2,44012_1,sim,0,30599,31344,31344,745,bigdata_main_node_04
trace,30599,745,2,44012_2,sim,0,30599,31344,31344,745,bigdata_main_node_04
trace,29954,1405,2,43435_1,sim,0,29954,31359,31359,1405,bigdata_main_node_03
trace,30623,777,2,44070_1,sim,0,30623,31400,31400,777,bigdata_main_node_15
trace,30623,889,2,44072_1,sim,0,30623,31512,31512,889,bigdata_main_node_15
trace,30623,889,2,44072_2,sim,0,30623,31512,31512,889,bigdata_main_node_15
trace,27714,3922,2,41534_1,sim,0,27714,31636,31636,3922,bigdata_main_node_14
trace,30816,853,2,44215_1,sim,0,30816,31669,31669,853,bigdata_main_node_18
trace,30816,853,2,44215_2,sim,0,30816,31669,31669,853,bigdata_main_node_18
trace,31397,344,2,45280_1,sim,0,31397,31741,31741,344,bigdata_main_node_14
trace,29605,2276,2,43308_7,sim,0,29605,31881,31881,2276,bigdata_main_node_04
trace,29612,2274,2,43308_1,sim,0,29612,31886,31886,2274,bigdata_main_node_16
trace,29612,2275,2,43308_3,sim,0,29612,31887,31887,2275,bigdata_main_node_16
trace,29612,2277,2,43308_6,sim,0,29612,31889,31889,2277,bigdata_main_node_09
trace,29612,2277,2,43308_9,sim,0,29612,31889,31889,2277,bigdata_main_node_09
trace,29612,2277,2,43308_11,sim,0,29612,31889,31889,2277,bigdata_main_node_09
trace,29613,2276,2,43308_2,sim,0,29613,31889,31889,2276,bigdata_main_node_08
trace,29613,2276,2,43308_4,sim,0,29613,31889,31889,2276,bigdata_main_node_08
trace,29613,2276,2,43308_8,sim,0,29613,31889,31889,2276,bigdata_main_node_08
trace,29613,2276,2,43308_10,sim,0,29613,31889,31889,2276,bigdata_main_node_15
trace,29613,2276,2,43308_12,sim,0,29613,31889,31889,2276,bigdata_main_node_15
trace,29613,2277,2,43308_5,sim,0,29613,31890,31890,2277,bigdata_main_node_08
trace,31582,379,2,45538_1,sim,0,31582,31961,31961,379,bigdata_main_node_03
trace,31553,434,2,45451_1,sim,0,31553,31987,31987,434,bigdata_main_node_08
trace,31445,624,2,45337_1,sim,0,31445,32069,32069,624,bigdata_main_node_04
trace,31553,527,2,45441_1,sim,0,31553,32080,32080,527,bigdata_main_node_09
trace,23383,8732,2,33964_1,sim,0,23383,32115,32115,8732,bigdata_main_node_13
trace,31390,725,2,45283_2,sim,0,31390,32115,32115,725,bigdata_main_node_06
trace,31397,726,2,45283_1,sim,0,31397,32123,32123,726,bigdata_main_node_02
trace,31719,413,2,45747_1,sim,0,31719,32132,32132,413,bigdata_main_node_16
trace,31719,426,2,45745_1,sim,0,31719,32145,32145,426,bigdata_main_node_16
trace,29879,2275,2,43413_1,sim,0,29879,32154,32154,2275,bigdata_main_node_09
trace,31582,612,2,45540_1,sim,0,31582,32194,32194,612,bigdata_main_node_03
trace,31553,661,2,45454_1,sim,0,31553,32214,32214,661,bigdata_main_node_08
trace,31553,661,2,45454_2,sim,0,31553,32214,32214,661,bigdata_main_node_08
trace,31748,490,2,45816_1,sim,0,31748,32238,32238,490,bigdata_main_node_14
trace,31748,490,2,45816_2,sim,0,31748,32238,32238,490,bigdata_main_node_12
trace,31682,563,2,45723_2,sim,0,31682,32245,32245,563,bigdata_main_node_14
trace,31683,565,2,45718_1,sim,0,31683,32248,32248,565,bigdata_main_node_03
trace,31683,565,2,45718_2,sim,0,31683,32248,32248,565,bigdata_main_node_03
trace,31683,565,2,45718_4,sim,0,31683,32248,32248,565,bigdata_main_node_03
trace,31689,560,2,45739_3,sim,0,31689,32249,32249,560,bigdata_main_node_05
trace,31683,567,2,45718_3,sim,0,31683,32250,32250,567,bigdata_main_node_03
trace,31689,562,2,45721_1,sim,0,31689,32251,32251,562,bigdata_main_node_05
trace,31689,562,2,45739_2,sim,0,31689,32251,32251,562,bigdata_main_node_05
trace,31690,561,2,45721_3,sim,0,31690,32251,32251,561,bigdata_main_node_05
trace,31690,562,2,45721_4,sim,0,31690,32252,32252,562,bigdata_main_node_05
trace,31690,563,2,45721_2,sim,0,31690,32253,32253,563,bigdata_main_node_05
trace,31690,563,2,45723_3,sim,0,31690,32253,32253,563,bigdata_main_node_15
trace,31690,563,2,45723_4,sim,0,31690,32253,32253,563,bigdata_main_node_15
trace,31690,563,2,45726_1,sim,0,31690,32253,32253,563,bigdata_main_node_15
trace,31692,562,2,45726_4,sim,0,31692,32254,32254,562,bigdata_main_node_07
trace,31690,565,2,45723_1,sim,0,31690,32255,32255,565,bigdata_main_node_15
trace,31692,563,2,45726_2,sim,0,31692,32255,32255,563,bigdata_main_node_15
trace,31692,563,2,45726_3,sim,0,31692,32255,32255,563,bigdata_main_node_15
trace,31694,561,2,45729_1,sim,0,31694,32255,32255,561,bigdata_main_node_07
trace,31694,561,2,45729_3,sim,0,31694,32255,32255,561,bigdata_main_node_07
trace,31694,561,2,45731_3,sim,0,31694,32255,32255,561,bigdata_main_node_07
trace,31694,562,2,45729_4,sim,0,31694,32256,32256,562,bigdata_main_node_07
trace,31695,561,2,45731_4,sim,0,31695,32256,32256,561,bigdata_main_node_18
trace,31694,564,2,45731_1,sim,0,31694,32258,32258,564,bigdata_main_node_07
trace,31696,562,2,45731_2,sim,0,31696,32258,32258,562,bigdata_main_node_18
trace,31696,562,2,45734_2,sim,0,31696,32258,32258,562,bigdata_main_node_18
trace,31696,562,2,45734_3,sim,0,31696,32258,32258,562,bigdata_main_node_18
trace,31696,562,2,45734_4,sim,0,31696,32258,32258,562,bigdata_main_node_18
trace,31696,562,2,45737_1,sim,0,31696,32258,32258,562,bigdata_main_node_18
trace,31697,561,2,45737_2,sim,0,31697,32258,32258,561,bigdata_main_node_18
trace,31695,564,2,45729_2,sim,0,31695,32259,32259,564,bigdata_main_node_07
trace,31696,563,2,45734_1,sim,0,31696,32259,32259,563,bigdata_main_node_18
trace,31697,562,2,45737_3,sim,0,31697,32259,32259,562,bigdata_main_node_16
trace,31698,561,2,45739_4,sim,0,31698,32259,32259,561,bigdata_main_node_16
trace,31697,563,2,45737_4,sim,0,31697,32260,32260,563,bigdata_main_node_16
trace,31697,565,2,45739_1,sim,0,31697,32262,32262,565,bigdata_main_node_16
trace,31720,573,2,45750_2,sim,0,31720,32293,32293,573,bigdata_main_node_16
trace,31720,574,2,45750_1,sim,0,31720,32294,32294,574,bigdata_main_node_16
trace,31550,862,2,45457_1,sim,0,31550,32412,32412,862,bigdata_main_node_09
trace,27714,4724,2,41526_1,sim,0,27714,32438,32438,4724,bigdata_main_node_07
trace,31901,540,2,45934_4,sim,0,31901,32441,32441,540,bigdata_main_node_16
trace,31905,536,2,45937_3,sim,0,31905,32441,32441,536,bigdata_main_node_08
trace,31901,541,2,45934_2,sim,0,31901,32442,32442,541,bigdata_main_node_15
trace,31901,541,2,45934_3,sim,0,31901,32442,32442,541,bigdata_main_node_16
trace,31905,537,2,45937_1,sim,0,31905,32442,32442,537,bigdata_main_node_09
trace,31907,536,2,45939_1,sim,0,31907,32443,32443,536,bigdata_main_node_08
trace,31907,536,2,45939_2,sim,0,31907,32443,32443,536,bigdata_main_node_20
trace,31908,535,2,45942_3,sim,0,31908,32443,32443,535,bigdata_main_node_20
trace,31904,540,2,45934_1,sim,0,31904,32444,32444,540,bigdata_main_node_09
trace,31904,540,2,45937_2,sim,0,31904,32444,32444,540,bigdata_main_node_09
trace,31906,538,2,45937_4,sim,0,31906,32444,32444,538,bigdata_main_node_08
trace,31906,538,2,45939_3,sim,0,31906,32444,32444,538,bigdata_main_node_08
trace,31908,536,2,45942_4,sim,0,31908,32444,32444,536,bigdata_main_node_20
trace,31908,537,2,45939_4,sim,0,31908,32445,32445,537,bigdata_main_node_20
trace,31907,540,2,45942_1,sim,0,31907,32447,32447,540,bigdata_main_node_20
trace,31910,537,2,45945_2,sim,0,31910,32447,32447,537,bigdata_main_node_20
trace,31910,538,2,45945_3,sim,0,31910,32448,32448,538,bigdata_main_node_20
trace,31912,536,2,45945_4,sim,0,31912,32448,32448,536,bigdata_main_node_20
trace,31907,542,2,45950_3,sim,0,31907,32449,32449,542,bigdata_main_node_20
trace,31912,537,2,45947_1,sim,0,31912,32449,32449,537,bigdata_main_node_17
trace,31908,542,2,45942_2,sim,0,31908,32450,32450,542,bigdata_main_node_20
trace,31913,537,2,45947_4,sim,0,31913,32450,32450,537,bigdata_main_node_17
trace,31912,539,2,45947_2,sim,0,31912,32451,32451,539,bigdata_main_node_17
trace,31913,538,2,45950_1,sim,0,31913,32451,32451,538,bigdata_main_node_17
trace,31915,538,2,45950_4,sim,0,31915,32453,32453,538,bigdata_main_node_17
trace,31912,542,2,45945_1,sim,0,31912,32454,32454,542,bigdata_main_node_20
trace,31915,540,2,45950_2,sim,0,31915,32455,32455,540,bigdata_main_node_17
trace,31918,546,2,45947_3,sim,0,31918,32464,32464,546,bigdata_main_node_17
trace,31705,822,2,45742_1,sim,0,31705,32527,32527,822,bigdata_main_node_16
trace,31878,669,2,45924_2,sim,0,31878,32547,32547,669,bigdata_main_node_12
trace,31879,668,2,45924_1,sim,0,31879,32547,32547,668,bigdata_main_node_12
trace,31879,668,2,45924_3,sim,0,31879,32547,32547,668,bigdata_main_node_12
trace,32265,311,2,46347_1,sim,0,32265,32576,32576,311,bigdata_main_node_12
trace,32034,587,2,46115_2,sim,0,32034,32621,32621,587,bigdata_main_node_19
trace,32033,589,2,46115_1,sim,0,32033,32622,32622,589,bigdata_main_node_17
trace,29603,3060,2,43301_1,sim,0,29603,32663,32663,3060,bigdata_main_node_04
trace,32172,575,2,46274_1,sim,0,32172,32747,32747,575,bigdata_main_node_02
trace,32082,673,2,46197_1,sim,0,32082,32755,32755,673,bigdata_main_node_04
trace,32243,587,2,46331_1,sim,0,32243,32830,32830,587,bigdata_main_node_06
trace,32268,563,2,46357_1,sim,0,32268,32831,32831,563,bigdata_main_node_13
trace,27723,5146,2,41569_1,sim,0,27723,32869,32869,5146,bigdata_main_node_15
trace,31398,1481,2,45293_4,sim,0,31398,32879,32879,1481,bigdata_main_node_02
trace,32315,566,2,46395_1,sim,0,32315,32881,32881,566,bigdata_main_node_14
trace,32315,566,2,46395_2,sim,0,32315,32881,32881,566,bigdata_main_node_03
trace,32315,568,2,46392_1,sim,0,32315,32883,32883,568,bigdata_main_node_08
trace,32315,568,2,46392_3,sim,0,32315,32883,32883,568,bigdata_main_node_14
trace,32316,567,2,46392_4,sim,0,32316,32883,32883,567,bigdata_main_node_03
trace,32316,567,2,46395_4,sim,0,32316,32883,32883,567,bigdata_main_node_03
trace,31406,1481,2,45293_1,sim,0,31406,32887,32887,1481,bigdata_main_node_02
trace,31406,1481,2,45293_2,sim,0,31406,32887,32887,1481,bigdata_main_node_04
trace,31406,1481,2,45293_3,sim,0,31406,32887,32887,1481,bigdata_main_node_04
trace,32323,567,2,46397_4,sim,0,32323,32890,32890,567,bigdata_main_node_05
trace,32320,571,2,46395_3,sim,0,32320,32891,32891,571,bigdata_main_node_03
trace,32314,578,2,46392_2,sim,0,32314,32892,32892,578,bigdata_main_node_08
trace,32095,798,2,46208_1,sim,0,32095,32893,32893,798,bigdata_main_node_09
trace,32320,573,2,46397_1,sim,0,32320,32893,32893,573,bigdata_main_node_05
trace,32320,574,2,46397_2,sim,0,32320,32894,32894,574,bigdata_main_node_05
trace,32095,803,2,46208_2,sim,0,32095,32898,32898,803,bigdata_main_node_19
trace,32327,574,2,46397_3,sim,0,32327,32901,32901,574,bigdata_main_node_05
trace,31883,1022,2,45928_1,sim,0,31883,32905,32905,1022,bigdata_main_node_04
trace,31884,1022,2,45928_3,sim,0,31884,32906,32906,1022,bigdata_main_node_12
trace,31877,1036,2,45928_2,sim,0,31877,32913,32913,1036,bigdata_main_node_12
trace,32354,572,2,46447_1,sim,0,32354,32926,32926,572,bigdata_main_node_15
trace,32264,724,2,46344_1,sim,0,32264,32988,32988,724,bigdata_main_node_09
trace,32492,502,2,46594_1,sim,0,32492,32994,32994,502,bigdata_main_node_09
trace,32494,506,2,46594_4,sim,0,32494,33000,33000,506,bigdata_main_node_08
trace,32499,504,2,46599_1,sim,0,32499,33003,33003,504,bigdata_main_node_08
trace,32503,502,2,46596_1,sim,0,32503,33005,33005,502,bigdata_main_node_07
trace,32501,507,2,46594_3,sim,0,32501,33008,33008,507,bigdata_main_node_08
trace,32502,506,2,46594_2,sim,0,32502,33008,33008,506,bigdata_main_node_08
trace,32504,504,2,46596_2,sim,0,32504,33008,33008,504,bigdata_main_node_07
trace,32506,502,2,46596_4,sim,0,32506,33008,33008,502,bigdata_main_node_07
trace,32506,502,2,46599_2,sim,0,32506,33008,33008,502,bigdata_main_node_07
trace,32506,502,2,46599_3,sim,0,32506,33008,33008,502,bigdata_main_node_17
trace,32506,504,2,46596_3,sim,0,32506,33010,33010,504,bigdata_main_node_07
trace,32510,502,2,46599_4,sim,0,32510,33012,33012,502,bigdata_main_node_17
trace,32513,499,2,46602_1,sim,0,32513,33012,33012,499,bigdata_main_node_17
trace,32513,499,2,46602_3,sim,0,32513,33012,33012,499,bigdata_main_node_17
trace,32514,500,2,46602_2,sim,0,32514,33014,33014,500,bigdata_main_node_17
trace,32520,498,2,46604_1,sim,0,32520,33018,33018,498,bigdata_main_node_17
trace,32520,498,2,46604_3,sim,0,32520,33018,33018,498,bigdata_main_node_18
trace,32520,498,2,46604_4,sim,0,32520,33018,33018,498,bigdata_main_node_18
trace,32521,497,2,46604_2,sim,0,32521,33018,33018,497,bigdata_main_node_18
trace,32517,504,2,46602_4,sim,0,32517,33021,33021,504,bigdata_main_node_17
trace,32818,229,2,46949_2,sim,0,32818,33047,33047,229,bigdata_main_node_16
trace,32819,233,2,46949_3,sim,0,32819,33052,33052,233,bigdata_main_node_16
trace,32824,229,2,46949_1,sim,0,32824,33053,33053,229,bigdata_main_node_16
trace,31981,1086,2,46019_2,sim,0,31981,33067,33067,1086,bigdata_main_node_17
trace,31988,1086,2,46019_1,sim,0,31988,33074,33074,1086,bigdata_main_node_08
trace,27714,5364,2,41529_1,sim,0,27714,33078,33078,5364,bigdata_main_node_14
trace,27719,5359,2,41547_1,sim,0,27719,33078,33078,5359,bigdata_main_node_14
trace,32332,746,2,46427_1,sim,0,32332,33078,33078,746,bigdata_main_node_05
trace,32333,745,2,46427_2,sim,0,32333,33078,33078,745,bigdata_main_node_05
trace,31991,1090,2,46019_3,sim,0,31991,33081,33081,1090,bigdata_main_node_17
trace,32565,529,2,46635_1,sim,0,32565,33094,33094,529,bigdata_main_node_12
trace,32564,535,2,46635_2,sim,0,32564,33099,33099,535,bigdata_main_node_12
trace,31877,1239,2,45921_2,sim,0,31877,33116,33116,1239,bigdata_main_node_12
trace,31879,1242,2,45921_1,sim,0,31879,33121,33121,1242,bigdata_main_node_12
trace,31879,1242,2,45921_3,sim,0,31879,33121,33121,1242,bigdata_main_node_12
trace,32819,319,2,46952_1,sim,0,32819,33138,33138,319,bigdata_main_node_16
trace,32814,326,2,46952_2,sim,0,32814,33140,33140,326,bigdata_main_node_16
trace,32824,328,2,46952_3,sim,0,32824,33152,33152,328,bigdata_main_node_16
trace,32401,760,2,46521_1,sim,0,32401,33161,33161,760,bigdata_main_node_15
trace,32401,760,2,46521_2,sim,0,32401,33161,33161,760,bigdata_main_node_15
trace,32792,376,2,46930_2,sim,0,32792,33168,33168,376,bigdata_main_node_04
trace,32798,374,2,46930_1,sim,0,32798,33172,33172,374,bigdata_main_node_18
trace,32801,384,2,46930_3,sim,0,32801,33185,33185,384,bigdata_main_node_18
trace,32798,391,2,46927_1,sim,0,32798,33189,33189,391,bigdata_main_node_18
trace,32401,791,2,46518_1,sim,0,32401,33192,33192,791,bigdata_main_node_15
trace,32242,962,2,46329_1,sim,0,32242,33204,33204,962,bigdata_main_node_03
trace,32774,444,2,46884_1,sim,0,32774,33218,33218,444,bigdata_main_node_02
trace,31981,1247,2,46016_1,sim,0,31981,33228,33228,1247,bigdata_main_node_17
trace,31980,1252,2,46016_2,sim,0,31980,33232,33232,1252,bigdata_main_node_03
trace,31980,1253,2,46016_3,sim,0,31980,33233,33233,1253,bigdata_main_node_17
trace,32465,798,2,46574_2,sim,0,32465,33263,33263,798,bigdata_main_node_15
trace,32466,798,2,46574_3,sim,0,32466,33264,33264,798,bigdata_main_node_09
trace,32466,799,2,46574_1,sim,0,32466,33265,33265,799,bigdata_main_node_09
trace,32716,562,2,46826_1,sim,0,32716,33278,33278,562,bigdata_main_node_12
trace,32713,571,2,46826_2,sim,0,32713,33284,33284,571,bigdata_main_node_04
trace,32969,363,2,47141_1,sim,0,32969,33332,33332,363,bigdata_main_node_13
trace,32969,365,2,47141_2,sim,0,32969,33334,33334,365,bigdata_main_node_02
trace,32972,365,2,47141_3,sim,0,32972,33337,33337,365,bigdata_main_node_02
trace,27724,5653,2,41563_1,sim,0,27724,33377,33377,5653,bigdata_main_node_15
trace,33065,313,2,47225_1,sim,0,33065,33378,33378,313,bigdata_main_node_09
trace,33066,312,2,47225_2,sim,0,33066,33378,33378,312,bigdata_main_node_09
trace,33066,312,2,47225_3,sim,0,33066,33378,33378,312,bigdata_main_node_12
trace,31553,1832,2,45443_1,sim,0,31553,33385,33385,1832,bigdata_main_node_09
trace,31890,1495,2,45931_1,sim,0,31890,33385,33385,1495,bigdata_main_node_12
trace,31892,1493,2,45931_2,sim,0,31892,33385,33385,1493,bigdata_main_node_12
trace,31892,1493,2,45931_3,sim,0,31892,33385,33385,1493,bigdata_main_node_15
trace,32798,632,2,46913_1,sim,0,32798,33430,33430,632,bigdata_main_node_18
trace,32817,619,2,46946_1,sim,0,32817,33436,33436,619,bigdata_main_node_16
trace,32800,640,2,46913_2,sim,0,32800,33440,33440,640,bigdata_main_node_18
trace,27714,5741,2,41531_1,sim,0,27714,33455,33455,5741,bigdata_main_node_14
trace,33168,323,2,47413_1,sim,0,33168,33491,33491,323,bigdata_main_node_04
trace,32650,845,2,46748_1,sim,0,32650,33495,33495,845,bigdata_main_node_17
trace,32652,848,2,46748_2,sim,0,32652,33500,33500,848,bigdata_main_node_12
trace,31553,1985,2,45448_1,sim,0,31553,33538,33538,1985,bigdata_main_node_11
trace,31553,1985,2,45448_2,sim,0,31553,33538,33538,1985,bigdata_main_node_11
trace,31553,1985,2,45448_3,sim,0,31553,33538,33538,1985,bigdata_main_node_11
trace,31553,1985,2,45448_4,sim,0,31553,33538,33538,1985,bigdata_main_node_08
trace,32433,1105,2,46546_1,sim,0,32433,33538,33538,1105,bigdata_main_node_07
trace,28590,4951,2,42434_1,sim,0,28590,33541,33541,4951,bigdata_main_node_07
trace,28592,4951,2,42434_2,sim,0,28592,33543,33543,4951,bigdata_main_node_08
trace,28592,4951,2,42434_4,sim,0,28592,33543,33543,4951,bigdata_main_node_05
trace,32435,1108,2,46546_2,sim,0,32435,33543,33543,1108,bigdata_main_node_07
trace,28596,4959,2,42434_3,sim,0,28596,33555,33555,4959,bigdata_main_node_12
trace,33071,489,2,47255_1,sim,0,33071,33560,33560,489,bigdata_main_node_12
trace,33124,454,2,47354_1,sim,0,33124,33578,33578,454,bigdata_main_node_04
trace,27720,5868,2,41537_1,sim,0,27720,33588,33588,5868,bigdata_main_node_14
trace,33237,386,2,47482_1,sim,0,33237,33623,33623,386,bigdata_main_node_02
trace,29201,4424,2,42838_2,sim,0,29201,33625,33625,4424,bigdata_main_node_03
trace,29201,4424,2,42838_3,sim,0,29201,33625,33625,4424,bigdata_main_node_03
trace,29201,4424,2,42838_4,sim,0,29201,33625,33625,4424,bigdata_main_node_20
trace,29202,4423,2,42838_1,sim,0,29202,33625,33625,4423,bigdata_main_node_16
trace,33183,501,2,47444_1,sim,0,33183,33684,33684,501,bigdata_main_node_15
trace,33199,538,2,47471_1,sim,0,33199,33737,33737,538,bigdata_main_node_15
trace,33116,657,2,47342_1,sim,0,33116,33773,33773,657,bigdata_main_node_04
trace,33306,473,2,47551_1,sim,0,33306,33779,33779,473,bigdata_main_node_04
trace,33306,474,2,47551_2,sim,0,33306,33780,33780,474,bigdata_main_node_15
trace,33441,395,2,47697_1,sim,0,33441,33836,33836,395,bigdata_main_node_02
trace,32919,991,2,47126_1,sim,0,32919,33910,33910,991,bigdata_main_node_06
trace,32919,992,2,47126_2,sim,0,32919,33911,33911,992,bigdata_main_node_09
trace,33487,427,2,47756_1,sim,0,33487,33914,33914,427,bigdata_main_node_15
trace,33529,436,2,47780_1,sim,0,33529,33965,33965,436,bigdata_main_node_15
trace,33529,436,2,47780_2,sim,0,33529,33965,33965,436,bigdata_main_node_09
trace,33529,436,2,47780_3,sim,0,33529,33965,33965,436,bigdata_main_node_09
trace,33529,436,2,47780_4,sim,0,33529,33965,33965,436,bigdata_main_node_09
trace,33526,444,2,47777_1,sim,0,33526,33970,33970,444,bigdata_main_node_04
trace,33193,787,2,47448_1,sim,0,33193,33980,33980,787,bigdata_main_node_15
trace,33647,357,2,47906_1,sim,0,33647,34004,34004,357,bigdata_main_node_05
trace,33587,418,2,47835_1,sim,0,33587,34005,34005,418,bigdata_main_node_04
trace,33353,693,2,47576_1,sim,0,33353,34046,34046,693,bigdata_main_node_13
trace,33306,749,2,47553_1,sim,0,33306,34055,34055,749,bigdata_main_node_09
trace,33374,760,2,47598_1,sim,0,33374,34134,34134,760,bigdata_main_node_14
trace,33374,760,2,47598_2,sim,0,33374,34134,34134,760,bigdata_main_node_02
trace,33775,426,2,48120_1,sim,0,33775,34201,34201,426,bigdata_main_node_04
trace,33681,643,2,47923_1,sim,0,33681,34324,34324,643,bigdata_main_node_05
trace,33681,643,2,47923_2,sim,0,33681,34324,34324,643,bigdata_main_node_05
trace,33846,492,2,48241_1,sim,0,33846,34338,34338,492,bigdata_main_node_03
trace,27720,6635,2,41550_1,sim,0,27720,34355,34355,6635,bigdata_main_node_14
trace,33828,574,2,48217_1,sim,0,33828,34402,34402,574,bigdata_main_node_05
trace,27713,6720,2,41542_1,sim,0,27713,34433,34433,6720,bigdata_main_node_05
trace,33719,787,2,47993_1,sim,0,33719,34506,34506,787,bigdata_main_node_05
trace,34131,397,2,48532_1,sim,0,34131,34528,34528,397,bigdata_main_node_09
trace,33879,652,2,48260_1,sim,0,33879,34531,34531,652,bigdata_main_node_03
trace,33879,652,2,48260_2,sim,0,33879,34531,34531,652,bigdata_main_node_03
trace,33879,652,2,48260_3,sim,0,33879,34531,34531,652,bigdata_main_node_03
trace,33879,652,2,48260_4,sim,0,33879,34531,34531,652,bigdata_main_node_03
trace,33879,652,2,48262_1,sim,0,33879,34531,34531,652,bigdata_main_node_03
trace,33879,652,2,48262_2,sim,0,33879,34531,34531,652,bigdata_main_node_03
trace,33879,652,2,48262_3,sim,0,33879,34531,34531,652,bigdata_main_node_07
trace,33879,652,2,48262_4,sim,0,33879,34531,34531,652,bigdata_main_node_07
trace,33882,652,2,48265_1,sim,0,33882,34534,34534,652,bigdata_main_node_07
trace,33882,652,2,48265_2,sim,0,33882,34534,34534,652,bigdata_main_node_07
trace,33882,652,2,48265_3,sim,0,33882,34534,34534,652,bigdata_main_node_07
trace,33882,652,2,48265_4,sim,0,33882,34534,34534,652,bigdata_main_node_07
trace,33961,580,2,48350_1,sim,0,33961,34541,34541,580,bigdata_main_node_08
trace,33961,580,2,48350_2,sim,0,33961,34541,34541,580,bigdata_main_node_08
trace,34147,448,2,48580_1,sim,0,34147,34595,34595,448,bigdata_main_node_02
trace,33818,790,2,48166_1,sim,0,33818,34608,34608,790,bigdata_main_node_05
trace,27720,6901,2,41553_1,sim,0,27720,34621,34621,6901,bigdata_main_node_14
trace,27717,6914,2,41539_1,sim,0,27717,34631,34631,6914,bigdata_main_node_14
trace,33719,982,2,47975_1,sim,0,33719,34701,34701,982,bigdata_main_node_15
trace,33719,982,2,47975_2,sim,0,33719,34701,34701,982,bigdata_main_node_05
trace,33646,1059,2,47891_1,sim,0,33646,34705,34705,1059,bigdata_main_node_02
trace,33646,1059,2,47891_2,sim,0,33646,34705,34705,1059,bigdata_main_node_14
trace,34271,449,2,48848_1,sim,0,34271,34720,34720,449,bigdata_main_node_21
trace,34336,407,2,48916_1,sim,0,34336,34743,34743,407,bigdata_main_node_22
trace,34202,570,2,48654_1,sim,0,34202,34772,34772,570,bigdata_main_node_12
trace,34369,412,2,48953_1,sim,0,34369,34781,34781,412,bigdata_main_node_23
trace,34332,454,2,48903_1,sim,0,34332,34786,34786,454,bigdata_main_node_22
trace,34393,401,2,48966_2,sim,0,34393,34794,34794,401,bigdata_main_node_24
trace,34384,413,2,48953_2,sim,0,34384,34797,34797,413,bigdata_main_node_23
trace,34393,416,2,48966_1,sim,0,34393,34809,34809,416,bigdata_main_node_24
trace,27720,7097,2,41555_1,sim,0,27720,34817,34817,7097,bigdata_main_node_14
trace,33971,852,2,48354_1,sim,0,33971,34823,34823,852,bigdata_main_node_04
trace,33971,852,2,48354_2,sim,0,33971,34823,34823,852,bigdata_main_node_15
trace,34347,487,2,48936_1,sim,0,34347,34834,34834,487,bigdata_main_node_23
trace,34271,567,2,48850_1,sim,0,34271,34838,34838,567,bigdata_main_node_21
trace,34348,492,2,48936_2,sim,0,34348,34840,34840,492,bigdata_main_node_23
trace,34084,769,2,48465_1,sim,0,34084,34853,34853,769,bigdata_main_node_05
trace,33314,1545,2,47558_1,sim,0,33314,34859,34859,1545,bigdata_main_node_09
trace,33314,1545,2,47558_2,sim,0,33314,34859,34859,1545,bigdata_main_node_14
trace,33314,1545,2,47558_3,sim,0,33314,34859,34859,1545,bigdata_main_node_14
trace,33314,1545,2,47558_4,sim,0,33314,34859,34859,1545,bigdata_main_node_14
trace,34443,421,2,49055_1,sim,0,34443,34864,34864,421,bigdata_main_node_25
trace,34335,530,2,48934_1,sim,0,34335,34865,34865,530,bigdata_main_node_22
trace,33572,1295,2,47831_1,sim,0,33572,34867,34867,1295,bigdata_main_node_11
trace,33572,1295,2,47831_2,sim,0,33572,34867,34867,1295,bigdata_main_node_11
trace,33572,1296,2,47831_3,sim,0,33572,34868,34868,1296,bigdata_main_node_11
trace,34357,515,2,48939_1,sim,0,34357,34872,34872,515,bigdata_main_node_14
trace,34357,515,2,48939_2,sim,0,34357,34872,34872,515,bigdata_main_node_23
trace,34452,420,2,49055_2,sim,0,34452,34872,34872,420,bigdata_main_node_25
trace,34344,531,2,48934_2,sim,0,34344,34875,34875,531,bigdata_main_node_03
trace,34483,398,2,49145_1,sim,0,34483,34881,34881,398,bigdata_main_node_26
trace,34369,513,2,48948_1,sim,0,34369,34882,34882,513,bigdata_main_node_23
trace,34478,406,2,49145_2,sim,0,34478,34884,34884,406,bigdata_main_node_26
trace,32431,2457,2,46544_1,sim,0,32431,34888,34888,2457,bigdata_main_node_09
trace,27724,7165,2,41566_1,sim,0,27724,34889,34889,7165,bigdata_main_node_15
trace,34369,520,2,48948_2,sim,0,34369,34889,34889,520,bigdata_main_node_23
trace,32433,2457,2,46544_3,sim,0,32433,34890,34890,2457,bigdata_main_node_15
trace,32433,2457,2,46544_4,sim,0,32433,34890,34890,2457,bigdata_main_node_07
trace,32433,2461,2,46544_2,sim,0,32433,34894,34894,2461,bigdata_main_node_15
trace,34393,504,2,48969_1,sim,0,34393,34897,34897,504,bigdata_main_node_24
trace,34393,504,2,48969_2,sim,0,34393,34897,34897,504,bigdata_main_node_24
trace,33845,1053,2,48239_1,sim,0,33845,34898,34898,1053,bigdata_main_node_02
trace,33845,1054,2,48239_3,sim,0,33845,34899,34899,1054,bigdata_main_node_15
trace,33846,1053,2,48239_2,sim,0,33846,34899,34899,1053,bigdata_main_node_15
trace,34384,532,2,48956_1,sim,0,34384,34916,34916,532,bigdata_main_node_23
trace,34386,534,2,48956_2,sim,0,34386,34920,34920,534,bigdata_main_node_24
trace,34456,477,2,49060_2,sim,0,34456,34933,34933,477,bigdata_main_node_25
trace,34402,536,2,48980_1,sim,0,34402,34938,34938,536,bigdata_main_node_05
trace,34402,536,2,48980_2,sim,0,34402,34938,34938,536,bigdata_main_node_25
trace,34458,485,2,49060_1,sim,0,34458,34943,34943,485,bigdata_main_node_25
trace,34392,568,2,48964_1,sim,0,34392,34960,34960,568,bigdata_main_node_24
trace,34404,565,2,48982_1,sim,0,34404,34969,34969,565,bigdata_main_node_25
trace,34223,750,2,48750_1,sim,0,34223,34973,34973,750,bigdata_main_node_19
trace,34393,580,2,48964_2,sim,0,34393,34973,34973,580,bigdata_main_node_24
trace,34407,568,2,48982_2,sim,0,34407,34975,34975,568,bigdata_main_node_25
trace,34384,596,2,48958_1,sim,0,34384,34980,34980,596,bigdata_main_node_23
trace,34384,596,2,48958_2,sim,0,34384,34980,34980,596,bigdata_main_node_23
trace,33486,1504,2,47754_1,sim,0,33486,34990,34990,1504,bigdata_main_node_14
trace,34189,808,2,48643_1,sim,0,34189,34997,34997,808,bigdata_main_node_08
trace,34201,797,2,48651_1,sim,0,34201,34998,34998,797,bigdata_main_node_04
trace,34437,566,2,49058_1,sim,0,34437,35003,35003,566,bigdata_main_node_05
trace,34240,770,2,48769_1,sim,0,34240,35010,35010,770,bigdata_main_node_19
trace,34237,775,2,48763_1,sim,0,34237,35012,35012,775,bigdata_main_node_19
trace,34449,565,2,49058_2,sim,0,34449,35014,35014,565,bigdata_main_node_25
trace,34200,816,2,48649_1,sim,0,34200,35016,35016,816,bigdata_main_node_12
trace,34242,786,2,48793_1,sim,0,34242,35028,35028,786,bigdata_main_node_20
trace,34395,635,2,48972_1,sim,0,34395,35030,35030,635,bigdata_main_node_25
trace,34388,643,2,48972_2,sim,0,34388,35031,35031,643,bigdata_main_node_24
trace,34297,736,2,48859_1,sim,0,34297,35033,35033,736,bigdata_main_node_21
trace,34244,791,2,48798_1,sim,0,34244,35035,35035,791,bigdata_main_node_20
trace,34220,824,2,48739_1,sim,0,34220,35044,35044,824,bigdata_main_node_17
trace,34259,787,2,48819_1,sim,0,34259,35046,35046,787,bigdata_main_node_21
trace,34219,829,2,48723_1,sim,0,34219,35048,35048,829,bigdata_main_node_17
trace,34387,661,2,48974_2,sim,0,34387,35048,35048,661,bigdata_main_node_24
trace,34266,784,2,48830_1,sim,0,34266,35050,35050,784,bigdata_main_node_21
trace,34206,846,2,48662_1,sim,0,34206,35052,35052,846,bigdata_main_node_12
trace,34218,834,2,48713_1,sim,0,34218,35052,35052,834,bigdata_main_node_17
trace,34240,812,2,48782_1,sim,0,34240,35052,35052,812,bigdata_main_node_20
trace,34395,657,2,48974_1,sim,0,34395,35052,35052,657,bigdata_main_node_25
trace,34207,846,2,48667_1,sim,0,34207,35053,35053,846,bigdata_main_node_12
trace,34223,831,2,48747_1,sim,0,34223,35054,35054,831,bigdata_main_node_19
trace,34189,867,2,48641_1,sim,0,34189,35056,35056,867,bigdata_main_node_14
trace,34207,851,2,48670_1,sim,0,34207,35058,35058,851,bigdata_main_node_12
trace,34210,848,2,48681_1,sim,0,34210,35058,35058,848,bigdata_main_node_16
trace,34189,871,2,48635_1,sim,0,34189,35060,35060,871,bigdata_main_node_13
trace,34241,822,2,48787_1,sim,0,34241,35063,35063,822,bigdata_main_node_20
trace,34240,824,2,48771_1,sim,0,34240,35064,35064,824,bigdata_main_node_19
trace,34219,846,2,48731_1,sim,0,34219,35065,35065,846,bigdata_main_node_17
trace,34219,847,2,48718_1,sim,0,34219,35066,35066,847,bigdata_main_node_17
trace,34197,870,2,48646_1,sim,0,34197,35067,35067,870,bigdata_main_node_12
trace,34488,581,2,49148_1,sim,0,34488,35069,35069,581,bigdata_main_node_26
trace,34198,876,2,48627_1,sim,0,34198,35074,35074,876,bigdata_main_node_12
trace,34203,872,2,48691_1,sim,0,34203,35075,35075,872,bigdata_main_node_12
trace,34237,840,2,48801_1,sim,0,34237,35077,35077,840,bigdata_main_node_19
trace,34494,583,2,49148_2,sim,0,34494,35077,35077,583,bigdata_main_node_26
trace,34508,571,2,49153_1,sim,0,34508,35079,35079,571,bigdata_main_node_05
trace,34848,233,2,49712_1,sim,0,34848,35081,35081,233,bigdata_main_node_21
trace,34244,838,2,48795_1,sim,0,34244,35082,35082,838,bigdata_main_node_20
trace,34197,887,2,48630_1,sim,0,34197,35084,35084,887,bigdata_main_node_08
trace,34252,833,2,48825_1,sim,0,34252,35085,35085,833,bigdata_main_node_20
trace,34207,881,2,48675_1,sim,0,34207,35088,35088,881,bigdata_main_node_16
trace,34219,873,2,48734_1,sim,0,34219,35092,35092,873,bigdata_main_node_17
trace,27724,7369,2,41561_1,sim,0,27724,35093,35093,7369,bigdata_main_node_15
trace,34221,872,2,48742_1,sim,0,34221,35093,35093,872,bigdata_main_node_19
trace,34221,872,2,48745_1,sim,0,34221,35093,35093,872,bigdata_main_node_19
trace,34219,876,2,48729_1,sim,0,34219,35095,35095,876,bigdata_main_node_17
trace,34238,858,2,48766_1,sim,0,34238,35096,35096,858,bigdata_main_node_19
trace,34242,855,2,48790_1,sim,0,34242,35097,35097,855,bigdata_main_node_20
trace,34198,900,2,48659_1,sim,0,34198,35098,35098,900,bigdata_main_node_12
trace,34240,859,2,48777_1,sim,0,34240,35099,35099,859,bigdata_main_node_19
trace,34207,895,2,48678_1,sim,0,34207,35102,35102,895,bigdata_main_node_16
trace,34335,775,2,48905_1,sim,0,34335,35110,35110,775,bigdata_main_node_22
trace,34259,855,2,48822_1,sim,0,34259,35114,35114,855,bigdata_main_node_21
trace,34255,864,2,48814_1,sim,0,34255,35119,35119,864,bigdata_main_node_21
trace,34216,906,2,48697_1,sim,0,34216,35122,35122,906,bigdata_main_node_17
trace,33882,1241,2,48271_4,sim,0,33882,35123,35123,1241,bigdata_main_node_07
trace,34207,918,2,48705_1,sim,0,34207,35125,35125,918,bigdata_main_node_16
trace,33890,1239,2,48271_1,sim,0,33890,35129,35129,1239,bigdata_main_node_18
trace,34630,499,2,49356_1,sim,0,34630,35129,35129,499,bigdata_main_node_07
trace,33890,1240,2,48271_2,sim,0,33890,35130,35130,1240,bigdata_main_node_18
trace,34388,742,2,48977_1,sim,0,34388,35130,35130,742,bigdata_main_node_24
trace,34396,735,2,48977_2,sim,0,34396,35131,35131,735,bigdata_main_node_25
trace,33891,1241,2,48271_3,sim,0,33891,35132,35132,1241,bigdata_main_node_18
trace,34335,798,2,48908_1,sim,0,34335,35133,35133,798,bigdata_main_node_22
trace,34612,525,2,49319_1,sim,0,34612,35137,35137,525,bigdata_main_node_03
trace,34206,933,2,48665_1,sim,0,34206,35139,35139,933,bigdata_main_node_12
trace,34215,930,2,48702_1,sim,0,34215,35145,35145,930,bigdata_main_node_16
trace,34240,908,2,48785_1,sim,0,34240,35148,35148,908,bigdata_main_node_20
trace,34211,941,2,48686_1,sim,0,34211,35152,35152,941,bigdata_main_node_16
trace,34215,938,2,48699_1,sim,0,34215,35153,35153,938,bigdata_main_node_16
trace,34240,913,2,48779_1,sim,0,34240,35153,35153,913,bigdata_main_node_20
trace,34626,527,2,49351_1,sim,0,34626,35153,35153,527,bigdata_main_node_03
trace,34215,939,2,48710_1,sim,0,34215,35154,35154,939,bigdata_main_node_16
trace,34472,682,2,49132_2,sim,0,34472,35154,35154,682,bigdata_main_node_26
trace,34317,840,2,48870_1,sim,0,34317,35157,35157,840,bigdata_main_node_22
trace,34314,844,2,48865_1,sim,0,34314,35158,35158,844,bigdata_main_node_22
trace,34472,691,2,49132_1,sim,0,34472,35163,35163,691,bigdata_main_node_26
trace,34589,577,2,49252_1,sim,0,34589,35166,35166,577,bigdata_main_node_03
trace,34211,956,2,48689_1,sim,0,34211,35167,35167,956,bigdata_main_node_16
trace,34335,835,2,48911_1,sim,0,34335,35170,35170,835,bigdata_main_node_22
trace,34611,560,2,49322_1,sim,0,34611,35171,35171,560,bigdata_main_node_05
trace,34465,708,2,49080_1,sim,0,34465,35173,35173,708,bigdata_main_node_26
trace,34384,790,2,48961_1,sim,0,34384,35174,35174,790,bigdata_main_node_24
trace,34385,789,2,48961_2,sim,0,34385,35174,35174,789,bigdata_main_node_24
trace,34240,938,2,48774_1,sim,0,34240,35178,35178,938,bigdata_main_node_19
trace,34220,965,2,48726_1,sim,0,34220,35185,35185,965,bigdata_main_node_17
trace,34622,563,2,49331_1,sim,0,34622,35185,35185,563,bigdata_main_node_14
trace,34190,996,2,48633_1,sim,0,34190,35186,35186,996,bigdata_main_node_08
trace,34218,968,2,48721_1,sim,0,34218,35186,35186,968,bigdata_main_node_17
trace,34245,942,2,48803_1,sim,0,34245,35187,35187,942,bigdata_main_node_20
trace,34282,905,2,48853_1,sim,0,34282,35187,35187,905,bigdata_main_node_21
trace,34211,979,2,48683_1,sim,0,34211,35190,35190,979,bigdata_main_node_16
trace,34219,972,2,48715_1,sim,0,34219,35191,35191,972,bigdata_main_node_17
trace,34206,986,2,48657_1,sim,0,34206,35192,35192,986,bigdata_main_node_12
trace,34624,579,2,49333_1,sim,0,34624,35203,35203,579,bigdata_main_node_03
trace,34254,958,2,48811_1,sim,0,34254,35212,35212,958,bigdata_main_node_21
trace,34335,878,2,48913_1,sim,0,34335,35213,35213,878,bigdata_main_node_22
trace,34207,1007,2,48673_1,sim,0,34207,35214,35214,1007,bigdata_main_node_12
trace,34224,990,2,48753_1,sim,0,34224,35214,35214,990,bigdata_main_node_19
trace,34190,1034,2,48638_1,sim,0,34190,35224,35224,1034,bigdata_main_node_08
trace,34267,960,2,48833_1,sim,0,34267,35227,35227,960,bigdata_main_node_21
trace,34219,1011,2,48737_1,sim,0,34219,35230,35230,1011,bigdata_main_node_17
trace,34778,416,2,49649_1,sim,0,34817,35233,35233,416,bigdata_main_node_14
trace,34462,778,2,49063_1,sim,0,34462,35240,35240,778,bigdata_main_node_25
trace,34300,941,2,48861_1,sim,0,34300,35241,35241,941,bigdata_main_node_21
trace,34245,1000,2,48806_1,sim,0,34245,35245,35245,1000,bigdata_main_node_20
trace,34464,782,2,49063_2,sim,0,34464,35246,35246,782,bigdata_main_node_26
trace,34314,936,2,48868_1,sim,0,34314,35250,35250,936,bigdata_main_node_22
trace,34891,363,2,49770_1,sim,0,34891,35254,35254,363,bigdata_main_node_07
trace,34214,1050,2,48694_1,sim,0,34214,35264,35264,1050,bigdata_main_node_16
trace,34603,661,2,49324_1,sim,0,34603,35264,35264,661,bigdata_main_node_02
trace,34700,545,2,49421_1,sim,0,34720,35265,35265,545,bigdata_main_node_21
trace,34896,371,2,49770_2,sim,0,34896,35267,35267,371,bigdata_main_node_09
trace,34709,493,2,49433_1,sim,0,34781,35274,35274,493,bigdata_main_node_23
trace,34554,722,2,49204_1,sim,0,34554,35276,35276,722,bigdata_main_node_08
trace,34317,960,2,48873_1,sim,0,34317,35277,35277,960,bigdata_main_node_22
trace,33992,1286,2,48360_2,sim,0,33992,35278,35278,1286,bigdata_main_node_09
trace,33992,1287,2,48360_1,sim,0,33992,35279,35279,1287,bigdata_main_node_15
trace,33992,1287,2,48360_3,sim,0,33992,35279,35279,1287,bigdata_main_node_09
trace,34546,734,2,49204_2,sim,0,34546,35280,35280,734,bigdata_main_node_08
trace,34571,712,2,49227_2,sim,0,34571,35283,35283,712,bigdata_main_node_26
trace,34215,1069,2,48707_1,sim,0,34215,35284,35284,1069,bigdata_main_node_16
trace,34571,713,2,49227_1,sim,0,34571,35284,35284,713,bigdata_main_node_26
trace,35094,192,2,49872_1,sim,0,35094,35286,35286,192,bigdata_main_node_17
trace,35089,198,2,49872_3,sim,0,35089,35287,35287,198,bigdata_main_node_26
trace,35094,193,2,49872_2,sim,0,35094,35287,35287,193,bigdata_main_node_15
trace,35096,191,2,49877_3,sim,0,35096,35287,35287,191,bigdata_main_node_15
trace,35096,192,2,49872_4,sim,0,35096,35288,35288,192,bigdata_main_node_17
trace,35096,192,2,49877_1,sim,0,35096,35288,35288,192,bigdata_main_node_15
trace,35097,192,2,49882_2,sim,0,35097,35289,35289,192,bigdata_main_node_14
trace,35088,204,2,49877_4,sim,0,35088,35292,35292,204,bigdata_main_node_16
trace,35088,205,2,49882_1,sim,0,35088,35293,35293,205,bigdata_main_node_21
trace,35097,200,2,49877_2,sim,0,35097,35297,35297,200,bigdata_main_node_15
trace,35098,207,2,49882_3,sim,0,35098,35305,35305,207,bigdata_main_node_12
trace,35100,209,2,49882_4,sim,0,35100,35309,35309,209,bigdata_main_node_14
trace,34504,810,2,49150_1,sim,0,34504,35314,35314,810,bigdata_main_node_26
trace,34875,442,2,49762_1,sim,0,34875,35317,35317,442,bigdata_main_node_03
trace,34324,1003,2,48895_1,sim,0,34324,35327,35327,1003,bigdata_main_node_05
trace,34880,448,2,49762_2,sim,0,34880,35328,35328,448,bigdata_main_node_05
trace,34633,709,2,49359_1,sim,0,34633,35342,35342,709,bigdata_main_node_14
trace,34711,601,2,49423_1,sim,0,34743,35344,35344,601,bigdata_main_node_22
trace,34806,530,2,49677_1,sim,0,34823,35353,35353,530,bigdata_main_node_04
trace,34816,531,2,49677_2,sim,0,34823,35354,35354,531,bigdata_main_node_15
trace,34253,1113,2,48809_1,sim,0,34253,35366,35366,1113,bigdata_main_node_20
trace,34613,758,2,49327_1,sim,0,34613,35371,35371,758,bigdata_main_node_03
trace,34335,1037,2,48897_1,sim,0,34335,35372,35372,1037,bigdata_main_node_22
trace,34625,749,2,49354_1,sim,0,34625,35374,35374,749,bigdata_main_node_03
trace,34649,738,2,49379_1,sim,0,34649,35387,35387,738,bigdata_main_node_07
trace,33978,1429,2,48358_1,sim,0,33978,35407,35407,1429,bigdata_main_node_09
trace,35239,189,2,50010_1,sim,0,35239,35428,35428,189,bigdata_main_node_07
trace,35025,414,2,49812_2,sim,0,35025,35439,35439,414,bigdata_main_node_05
trace,34664,780,2,49384_1,sim,0,34664,35444,35444,780,bigdata_main_node_07
trace,35189,256,2,49950_1,sim,0,35189,35445,35445,256,bigdata_main_node_05
trace,33855,1596,2,48250_1,sim,0,33855,35451,35451,1596,bigdata_main_node_03
trace,35031,420,2,49812_1,sim,0,35031,35451,35451,420,bigdata_main_node_12
trace,35249,204,2,50035_1,sim,0,35249,35453,35453,204,bigdata_main_node_12
trace,35273,186,2,50109_1,sim,0,35273,35459,35459,186,bigdata_main_node_09
trace,35000,461,2,49810_1,sim,0,35000,35461,35461,461,bigdata_main_node_04
trace,34719,671,2,49497_1,sim,0,34794,35465,35465,671,bigdata_main_node_24
trace,35263,208,2,50072_1,sim,0,35263,35471,35471,208,bigdata_main_node_07
trace,35001,471,2,49810_2,sim,0,35001,35472,35472,471,bigdata_main_node_08
trace,35065,412,2,49841_1,sim,0,35065,35477,35477,412,bigdata_main_node_21
trace,34973,505,2,49804_2,sim,0,34973,35478,35478,505,bigdata_main_node_02
trace,34254,1232,2,48817_1,sim,0,34254,35486,35486,1232,bigdata_main_node_21
trace,34976,515,2,49804_1,sim,0,34976,35491,35491,515,bigdata_main_node_09
trace,34708,722,2,49435_1,sim,0,34786,35508,35508,722,bigdata_main_node_22
trace,35050,463,2,49815_2,sim,0,35050,35513,35513,463,bigdata_main_node_17
trace,35052,462,2,49815_1,sim,0,35052,35514,35514,462,bigdata_main_node_12
trace,35263,263,2,50077_1,sim,0,35263,35526,35526,263,bigdata_main_node_12
trace,35054,473,2,49818_1,sim,0,35054,35527,35527,473,bigdata_main_node_12
trace,35311,216,2,50156_1,sim,0,35311,35527,35527,216,bigdata_main_node_12
trace,35059,473,2,49818_2,sim,0,35059,35532,35532,473,bigdata_main_node_12
trace,35240,295,2,50017_1,sim,0,35240,35535,35535,295,bigdata_main_node_08
trace,34700,768,2,49426_1,sim,0,34772,35540,35540,768,bigdata_main_node_12
trace,35226,324,2,50005_1,sim,0,35226,35550,35550,324,bigdata_main_node_03
trace,35240,323,2,50019_1,sim,0,35240,35563,35563,323,bigdata_main_node_08
trace,34791,784,2,49646_1,sim,0,34797,35581,35581,784,bigdata_main_node_23
trace,35065,517,2,49843_1,sim,0,35065,35582,35582,517,bigdata_main_node_21
trace,34042,1547,2,48447_1,sim,0,34042,35589,35589,1547,bigdata_main_node_04
trace,35239,351,2,50022_1,sim,0,35239,35590,35590,351,bigdata_main_node_07
trace,34791,784,2,49646_2,sim,0,34809,35593,35593,784,bigdata_main_node_24
trace,35264,341,2,50080_1,sim,0,35264,35605,35605,341,bigdata_main_node_02
trace,35263,358,2,50082_1,sim,0,35263,35621,35621,358,bigdata_main_node_12
trace,35091,539,2,49864_1,sim,0,35091,35630,35630,539,bigdata_main_node_12
trace,33079,2556,2,47253_1,sim,0,33079,35635,35635,2556,bigdata_main_node_15
trace,33079,2556,2,47253_2,sim,0,33079,35635,35635,2556,bigdata_main_node_15
trace,33079,2556,2,47253_3,sim,0,33079,35635,35635,2556,bigdata_main_node_04
trace,35059,583,2,49820_1,sim,0,35059,35642,35642,583,bigdata_main_node_16
trace,35063,585,2,49820_2,sim,0,35063,35648,35648,585,bigdata_main_node_11
trace,35065,586,2,49846_1,sim,0,35065,35651,35651,586,bigdata_main_node_15
trace,34332,1324,2,48900_1,sim,0,34332,35656,35656,1324,bigdata_main_node_05
trace,35091,573,2,49866_1,sim,0,35091,35664,35664,573,bigdata_main_node_12
trace,35345,333,2,50173_1,sim,0,35345,35678,35678,333,bigdata_main_node_03
trace,35443,278,2,50428_1,sim,0,35443,35721,35721,278,bigdata_main_node_07
trace,33817,1908,2,48164_1,sim,0,33817,35725,35725,1908,bigdata_main_node_04
trace,35443,289,2,50425_1,sim,0,35443,35732,35732,289,bigdata_main_node_04
trace,35443,289,2,50425_3,sim,0,35443,35732,35732,289,bigdata_main_node_03
trace,35444,288,2,50425_4,sim,0,35444,35732,35732,288,bigdata_main_node_07
trace,35460,274,2,50477_2,sim,0,35460,35734,35734,274,bigdata_main_node_03
trace,35469,268,2,50477_3,sim,0,35469,35737,35737,268,bigdata_main_node_04
trace,35470,267,2,50477_1,sim,0,35470,35737,35737,267,bigdata_main_node_07
trace,35471,266,2,50477_4,sim,0,35471,35737,35737,266,bigdata_main_node_07
trace,35471,268,2,50482_1,sim,0,35471,35739,35739,268,bigdata_main_node_08
trace,35473,266,2,50482_4,sim,0,35473,35739,35739,266,bigdata_main_node_12
trace,35473,267,2,50482_3,sim,0,35473,35740,35740,267,bigdata_main_node_08
trace,35473,268,2,50482_2,sim,0,35473,35741,35741,268,bigdata_main_node_08
trace,35475,266,2,50487_3,sim,0,35475,35741,35741,266,bigdata_main_node_18
trace,35473,269,2,50487_1,sim,0,35473,35742,35742,269,bigdata_main_node_12
trace,35476,266,2,50487_2,sim,0,35476,35742,35742,266,bigdata_main_node_18
trace,35443,300,2,50425_2,sim,0,35443,35743,35743,300,bigdata_main_node_03
trace,35475,271,2,50487_4,sim,0,35475,35746,35746,271,bigdata_main_node_18
trace,34660,1103,2,49387_1,sim,0,34660,35763,35763,1103,bigdata_main_node_07
trace,34667,1199,2,49390_1,sim,0,34667,35866,35866,1199,bigdata_main_node_07
trace,35514,419,2,50523_1,sim,0,35514,35933,35933,419,bigdata_main_node_12
trace,35060,889,2,49823_2,sim,0,35060,35949,35949,889,bigdata_main_node_13
trace,35059,901,2,49823_1,sim,0,35059,35960,35960,901,bigdata_main_node_17
trace,34974,993,2,49807_1,sim,0,34974,35967,35967,993,bigdata_main_node_05
trace,33882,2100,2,48269_3,sim,0,33882,35982,35982,2100,bigdata_main_node_07
trace,33889,2101,2,48269_1,sim,0,33889,35990,35990,2101,bigdata_main_node_18
trace,33889,2101,2,48269_2,sim,0,33889,35990,35990,2101,bigdata_main_node_18
trace,10995,25005,2,14214_1,sim,0,10995,36000,36000,25005,bigdata_main_node_08
trace,10999,25007,2,14214_2,sim,0,10999,36006,36006,25007,bigdata_main_node_09
trace,35065,941,2,49838_1,sim,0,35065,36006,36006,941,bigdata_main_node_21
trace,34368,1643,2,48946_1,sim,0,34368,36011,36011,1643,bigdata_main_node_23
trace,34370,1642,2,48946_2,sim,0,34370,36012,36012,1642,bigdata_main_node_23
trace,35105,915,2,49904_1,sim,0,35105,36020,36020,915,bigdata_main_node_16
trace,34669,1354,2,49392_1,sim,0,34669,36023,36023,1354,bigdata_main_node_07
trace,35089,951,2,49859_1,sim,0,35089,36040,36040,951,bigdata_main_node_26
trace,35091,960,2,49859_2,sim,0,35091,36051,36051,960,bigdata_main_node_12
trace,35079,1026,2,49855_2,sim,0,35079,36105,36105,1026,bigdata_main_node_05
trace,35085,1025,2,49855_1,sim,0,35085,36110,36110,1025,bigdata_main_node_08
trace,34669,1423,2,49395_1,sim,0,34701,36124,36124,1423,bigdata_main_node_05
trace,35076,1154,2,49853_1,sim,0,35076,36230,36230,1154,bigdata_main_node_17
trace,17317,18945,2,24844_2,sim,0,17317,36262,36262,18945,bigdata_main_node_09
trace,17316,18947,2,24844_1,sim,0,17316,36263,36263,18947,bigdata_main_node_03
trace,36076,195,2,50871_1,sim,0,36076,36271,36271,195,bigdata_main_node_05
trace,36076,218,2,50876_1,sim,0,36076,36294,36294,218,bigdata_main_node_09
trace,34704,1597,2,49398_1,sim,0,34705,36302,36302,1597,bigdata_main_node_02
trace,34543,1764,2,49199_1,sim,0,34543,36307,36307,1764,bigdata_main_node_09
trace,36076,256,2,50881_1,sim,0,36076,36332,36332,256,bigdata_main_node_13
trace,35512,834,2,50520_1,sim,0,35512,36346,36346,834,bigdata_main_node_05
trace,35514,835,2,50520_2,sim,0,35514,36349,36349,835,bigdata_main_node_05
trace,36077,299,2,50887_1,sim,0,36077,36376,36376,299,bigdata_main_node_17
trace,34676,1845,2,49400_1,sim,0,34701,36546,36546,1845,bigdata_main_node_15
trace,34577,1980,2,49249_1,sim,0,34577,36557,36557,1980,bigdata_main_node_26
trace,35558,1040,2,50571_1,sim,0,35558,36598,36598,1040,bigdata_main_node_09
trace,35558,1040,2,50571_2,sim,0,35558,36598,36598,1040,bigdata_main_node_15
trace,35558,1041,2,50571_3,sim,0,35558,36599,36599,1041,bigdata_main_node_15
trace,35563,1042,2,50571_4,sim,0,35563,36605,36605,1042,bigdata_main_node_08
trace,36189,443,2,51003_1,sim,0,36189,36632,36632,443,bigdata_main_node_05
trace,36441,222,2,51678_1,sim,0,36441,36663,36663,222,bigdata_main_node_08
trace,36451,217,2,51684_2,sim,0,36451,36668,36668,217,bigdata_main_node_08
trace,35599,1077,2,50610_1,sim,0,35599,36676,36676,1077,bigdata_main_node_04
trace,36459,217,2,51684_1,sim,0,36459,36676,36676,217,bigdata_main_node_08
trace,36397,296,2,51629_1,sim,0,36397,36693,36693,296,bigdata_main_node_17
trace,36459,240,2,51690_1,sim,0,36459,36699,36699,240,bigdata_main_node_18
trace,36459,240,2,51690_2,sim,0,36459,36699,36699,240,bigdata_main_node_18
trace,36593,194,2,51830_1,sim,0,36593,36787,36787,194,bigdata_main_node_07
trace,36593,228,2,51835_1,sim,0,36593,36821,36821,228,bigdata_main_node_07
trace,35832,1013,2,50667_2,sim,0,35832,36845,36845,1013,bigdata_main_node_12
trace,35830,1019,2,50667_1,sim,0,35830,36849,36849,1019,bigdata_main_node_03
trace,36498,360,2,51702_1,sim,0,36498,36858,36858,360,bigdata_main_node_18
trace,35801,1061,2,50664_1,sim,0,35801,36862,36862,1061,bigdata_main_node_03
trace,36389,474,2,51632_1,sim,0,36389,36863,36863,474,bigdata_main_node_05
trace,36548,317,2,51760_1,sim,0,36548,36865,36865,317,bigdata_main_node_15
trace,34000,2873,2,48369_1,sim,0,34000,36873,36873,2873,bigdata_main_node_08
trace,34000,2873,2,48369_3,sim,0,34000,36873,36873,2873,bigdata_main_node_08
trace,34001,2872,2,48369_2,sim,0,34001,36873,36873,2872,bigdata_main_node_08
trace,36660,225,2,51923_1,sim,0,36660,36885,36885,225,bigdata_main_node_05
trace,36660,225,2,51923_2,sim,0,36660,36885,36885,225,bigdata_main_node_08
trace,36741,215,2,52071_1,sim,0,36741,36956,36956,215,bigdata_main_node_15
trace,36741,215,2,52071_2,sim,0,36741,36956,36956,215,bigdata_main_node_15
trace,36292,669,2,51163_2,sim,0,36292,36961,36961,669,bigdata_main_node_05
trace,36397,564,2,51635_1,sim,0,36397,36961,36961,564,bigdata_main_node_08
trace,36180,786,2,50989_1,sim,0,36180,36966,36966,786,bigdata_main_node_04
trace,36180,786,2,50989_2,sim,0,36180,36966,36966,786,bigdata_main_node_04
trace,36300,668,2,51163_3,sim,0,36300,36968,36968,668,bigdata_main_node_09
trace,36300,669,2,51163_1,sim,0,36300,36969,36969,669,bigdata_main_node_09
trace,36300,669,2,51163_4,sim,0,36300,36969,36969,669,bigdata_main_node_12
trace,36494,520,2,51700_1,sim,0,36494,37014,37014,520,bigdata_main_node_18
trace,36198,849,2,51019_1,sim,0,36198,37047,37047,849,bigdata_main_node_05
trace,36848,199,2,52156_1,sim,0,36848,37047,37047,199,bigdata_main_node_12
trace,36399,654,2,51637_1,sim,0,36399,37053,37053,654,bigdata_main_node_08
trace,36896,194,2,52176_2,sim,0,36896,37090,37090,194,bigdata_main_node_03
trace,36904,193,2,52176_1,sim,0,36904,37097,37097,193,bigdata_main_node_15
trace,36860,271,2,52161_1,sim,0,36860,37131,37131,271,bigdata_main_node_03
trace,36860,271,2,52161_2,sim,0,36860,37131,37131,271,bigdata_main_node_18
trace,36291,865,2,51160_1,sim,0,36291,37156,37156,865,bigdata_main_node_03
trace,36300,863,2,51160_2,sim,0,36300,37163,37163,863,bigdata_main_node_17
trace,36946,245,2,52195_1,sim,0,36946,37191,37191,245,bigdata_main_node_05
trace,34888,2307,2,49764_1,sim,0,34888,37195,37195,2307,bigdata_main_node_22
trace,34669,2526,2,49403_1,sim,0,34705,37231,37231,2526,bigdata_main_node_14
trace,37075,183,2,52273_1,sim,0,37075,37258,37258,183,bigdata_main_node_04
trace,37075,183,2,52273_2,sim,0,37075,37258,37258,183,bigdata_main_node_04
trace,27625,9679,2,41442_1,sim,0,27625,37304,37304,9679,bigdata_main_node_05
trace,27625,9679,2,41442_2,sim,0,27625,37304,37304,9679,bigdata_main_node_05
trace,27625,9679,2,41442_3,sim,0,27625,37304,37304,9679,bigdata_main_node_04
trace,27620,9686,2,41447_2,sim,0,27620,37306,37306,9686,bigdata_main_node_05
trace,27626,9680,2,41445_2,sim,0,27626,37306,37306,9680,bigdata_main_node_04
trace,27626,9680,2,41445_4,sim,0,27626,37306,37306,9680,bigdata_main_node_04
trace,27626,9681,2,41445_3,sim,0,27626,37307,37307,9681,bigdata_main_node_04
trace,27626,9681,2,41447_1,sim,0,27626,37307,37307,9681,bigdata_main_node_04
trace,37127,182,2,52332_1,sim,0,37127,37309,37309,182,bigdata_main_node_09
trace,27626,9684,2,41442_4,sim,0,27626,37310,37310,9684,bigdata_main_node_04
trace,27631,9680,2,41447_3,sim,0,27631,37311,37311,9680,bigdata_main_node_11
trace,27635,9680,2,41447_4,sim,0,27635,37315,37315,9680,bigdata_main_node_13
trace,27628,9690,2,41445_1,sim,0,27628,37318,37318,9690,bigdata_main_node_04
trace,27637,9682,2,41450_1,sim,0,27637,37319,37319,9682,bigdata_main_node_13
trace,27637,9682,2,41450_3,sim,0,27637,37319,37319,9682,bigdata_main_node_13
trace,37136,183,2,52332_2,sim,0,37136,37319,37319,183,bigdata_main_node_03
trace,27638,9682,2,41450_2,sim,0,27638,37320,37320,9682,bigdata_main_node_13
trace,27639,9681,2,41450_4,sim,0,27639,37320,37320,9681,bigdata_main_node_13
trace,27641,9680,2,41453_1,sim,0,27641,37321,37321,9680,bigdata_main_node_13
trace,27641,9680,2,41453_2,sim,0,27641,37321,37321,9680,bigdata_main_node_13
trace,27641,9682,2,41453_4,sim,0,27641,37323,37323,9682,bigdata_main_node_13
trace,27642,9681,2,41453_3,sim,0,27642,37323,37323,9681,bigdata_main_node_06
trace,27642,9681,2,41455_1,sim,0,27642,37323,37323,9681,bigdata_main_node_06
trace,27646,9682,2,41455_3,sim,0,27646,37328,37328,9682,bigdata_main_node_06
trace,27648,9681,2,41458_1,sim,0,27648,37329,37329,9681,bigdata_main_node_06
trace,27648,9681,2,41458_2,sim,0,27648,37329,37329,9681,bigdata_main_node_06
trace,27648,9681,2,41486_3,sim,0,27648,37329,37329,9681,bigdata_main_node_06
trace,27643,9688,2,41461_3,sim,0,27643,37331,37331,9688,bigdata_main_node_06
trace,27649,9682,2,41458_3,sim,0,27649,37331,37331,9682,bigdata_main_node_06
trace,27649,9682,2,41458_4,sim,0,27649,37331,37331,9682,bigdata_main_node_10
trace,27649,9682,2,41461_1,sim,0,27649,37331,37331,9682,bigdata_main_node_10
trace,27649,9682,2,41461_2,sim,0,27649,37331,37331,9682,bigdata_main_node_10
trace,27649,9682,2,41461_4,sim,0,27649,37331,37331,9682,bigdata_main_node_10
trace,27653,9678,2,41486_1,sim,0,27653,37331,37331,9678,bigdata_main_node_03
trace,27646,9687,2,41455_4,sim,0,27646,37333,37333,9687,bigdata_main_node_06
trace,27655,9678,2,41486_2,sim,0,27655,37333,37333,9678,bigdata_main_node_03
trace,27655,9678,2,41486_4,sim,0,27655,37333,37333,9678,bigdata_main_node_10
trace,27646,9689,2,41455_2,sim,0,27646,37335,37335,9689,bigdata_main_node_06
trace,27657,9679,2,41489_1,sim,0,27657,37336,37336,9679,bigdata_main_node_10
trace,27659,9681,2,41489_2,sim,0,27659,37340,37340,9681,bigdata_main_node_10
trace,27662,9681,2,41489_3,sim,0,27662,37343,37343,9681,bigdata_main_node_10
trace,27665,9678,2,41489_4,sim,0,27665,37343,37343,9678,bigdata_main_node_10
trace,27665,9679,2,41492_3,sim,0,27665,37344,37344,9679,bigdata_main_node_10
trace,27665,9679,2,41492_4,sim,0,27665,37344,37344,9679,bigdata_main_node_01
trace,27665,9681,2,41494_2,sim,0,27665,37346,37346,9681,bigdata_main_node_01
trace,27668,9681,2,41494_4,sim,0,27668,37349,37349,9681,bigdata_main_node_01
trace,27666,9684,2,41492_2,sim,0,27666,37350,37350,9684,bigdata_main_node_01
trace,27667,9683,2,41494_3,sim,0,27667,37350,37350,9683,bigdata_main_node_07
trace,27668,9682,2,41497_1,sim,0,27668,37350,37350,9682,bigdata_main_node_01
trace,27669,9681,2,41497_2,sim,0,27669,37350,37350,9681,bigdata_main_node_01
trace,27670,9682,2,41497_4,sim,0,27670,37352,37352,9682,bigdata_main_node_01
trace,27668,9686,2,41494_1,sim,0,27668,37354,37354,9686,bigdata_main_node_01
trace,27666,9689,2,41492_1,sim,0,27666,37355,37355,9689,bigdata_main_node_01
trace,27669,9686,2,41497_3,sim,0,27669,37355,37355,9686,bigdata_main_node_01
trace,37122,235,2,52319_1,sim,0,37122,37357,37357,235,bigdata_main_node_03
trace,27765,9608,2,41597_2,sim,0,27765,37373,37373,9608,bigdata_main_node_18
trace,27765,9610,2,41597_3,sim,0,27765,37375,37375,9610,bigdata_main_node_18
trace,9438,27939,2,10797_1,sim,0,9438,37377,37377,27939,bigdata_main_node_10
trace,9439,27938,2,10797_2,sim,0,9439,37377,37377,27938,bigdata_main_node_10
trace,9439,27938,2,10797_3,sim,0,9439,37377,37377,27938,bigdata_main_node_11
trace,9439,27938,2,10799_1,sim,0,9439,37377,37377,27938,bigdata_main_node_11
trace,9439,27938,2,10799_2,sim,0,9439,37377,37377,27938,bigdata_main_node_11
trace,9439,27938,2,10799_3,sim,0,9439,37377,37377,27938,bigdata_main_node_11
trace,9442,27936,2,10807_2,sim,0,9442,37378,37378,27936,bigdata_main_node_11
trace,9442,27937,2,10805_2,sim,0,9442,37379,37379,27937,bigdata_main_node_11
trace,27758,9621,2,41597_1,sim,0,27758,37379,37379,9621,bigdata_main_node_18
trace,9442,27938,2,10807_1,sim,0,9442,37380,37380,27938,bigdata_main_node_11
trace,9444,27937,2,10805_1,sim,0,9444,37381,37381,27937,bigdata_main_node_11
trace,9482,27899,2,10886_1,sim,0,9482,37381,37381,27899,bigdata_main_node_01
trace,9482,27899,2,10886_2,sim,0,9482,37381,37381,27899,bigdata_main_node_05
trace,27769,9614,2,41597_4,sim,0,27769,37383,37383,9614,bigdata_main_node_18
trace,27713,9673,2,41558_1,sim,0,27713,37386,37386,9673,bigdata_main_node_14
trace,27783,9606,2,41616_1,sim,0,27783,37389,37389,9606,bigdata_main_node_08
trace,27793,9603,2,41616_2,sim,0,27793,37396,37396,9603,bigdata_main_node_02
trace,27789,9610,2,41616_4,sim,0,27789,37399,37399,9610,bigdata_main_node_09
trace,27795,9604,2,41621_2,sim,0,27795,37399,37399,9604,bigdata_main_node_02
trace,27796,9603,2,41621_4,sim,0,27796,37399,37399,9603,bigdata_main_node_02
trace,27789,9611,2,41618_1,sim,0,27789,37400,37400,9611,bigdata_main_node_02
trace,27789,9611,2,41618_4,sim,0,27789,37400,37400,9611,bigdata_main_node_02
trace,27795,9605,2,41618_2,sim,0,27795,37400,37400,9605,bigdata_main_node_02
trace,27795,9605,2,41618_3,sim,0,27795,37400,37400,9605,bigdata_main_node_02
trace,27795,9606,2,41621_3,sim,0,27795,37401,37401,9606,bigdata_main_node_02
trace,37199,205,2,52449_1,sim,0,37199,37404,37404,205,bigdata_main_node_17
trace,27797,9612,2,41616_3,sim,0,27797,37409,37409,9612,bigdata_main_node_03
trace,27799,9610,2,41621_1,sim,0,27799,37409,37409,9610,bigdata_main_node_02
trace,36758,660,2,52096_1,sim,0,36758,37418,37418,660,bigdata_main_node_18
trace,36758,660,2,52096_2,sim,0,36758,37418,37418,660,bigdata_main_node_18
trace,37246,224,2,52475_1,sim,0,37246,37470,37470,224,bigdata_main_node_12
trace,37246,224,2,52475_2,sim,0,37246,37470,37470,224,bigdata_main_node_15
trace,37246,224,2,52475_3,sim,0,37246,37470,37470,224,bigdata_main_node_15
trace,37246,224,2,52480_1,sim,0,37246,37470,37470,224,bigdata_main_node_15
trace,37246,224,2,52480_2,sim,0,37246,37470,37470,224,bigdata_main_node_05
trace,37246,224,2,52480_3,sim,0,37246,37470,37470,224,bigdata_main_node_05
trace,37193,278,2,52416_2,sim,0,37193,37471,37471,278,bigdata_main_node_09
trace,37193,279,2,52416_1,sim,0,37193,37472,37472,279,bigdata_main_node_03
trace,37258,231,2,52492_1,sim,0,37258,37489,37489,231,bigdata_main_node_04
trace,37286,206,2,52554_1,sim,0,37286,37492,37492,206,bigdata_main_node_07
trace,37287,205,2,52554_3,sim,0,37287,37492,37492,205,bigdata_main_node_07
trace,37286,207,2,52554_2,sim,0,37286,37493,37493,207,bigdata_main_node_07
trace,37259,236,2,52487_1,sim,0,37259,37495,37495,236,bigdata_main_node_04
trace,37259,236,2,52487_2,sim,0,37259,37495,37495,236,bigdata_main_node_05
trace,37259,236,2,52487_3,sim,0,37259,37495,37495,236,bigdata_main_node_05
trace,37266,231,2,52492_2,sim,0,37266,37497,37497,231,bigdata_main_node_07
trace,37266,231,2,52492_3,sim,0,37266,37497,37497,231,bigdata_main_node_07
trace,35061,2499,2,49833_1,sim,0,35061,37560,37560,2499,bigdata_main_node_17
trace,35062,2506,2,49833_3,sim,0,35062,37568,37568,2506,bigdata_main_node_26
trace,35063,2506,2,49833_2,sim,0,35063,37569,37569,2506,bigdata_main_node_11
trace,34889,2681,2,49767_1,sim,0,34889,37570,37570,2681,bigdata_main_node_15
trace,37325,256,2,52598_1,sim,0,37325,37581,37581,256,bigdata_main_node_03
trace,37357,243,2,52657_1,sim,0,37357,37600,37600,243,bigdata_main_node_03
trace,37357,243,2,52657_2,sim,0,37357,37600,37600,243,bigdata_main_node_07
trace,37417,184,2,52725_1,sim,0,37417,37601,37601,184,bigdata_main_node_05
trace,37417,184,2,52725_2,sim,0,37417,37601,37601,184,bigdata_main_node_05
trace,37210,422,2,52461_1,sim,0,37210,37632,37632,422,bigdata_main_node_18
trace,37210,422,2,52461_2,sim,0,37210,37632,37632,422,bigdata_main_node_12
trace,36798,854,2,52114_1,sim,0,36798,37652,37652,854,bigdata_main_node_08
trace,36798,854,2,52114_2,sim,0,36798,37652,37652,854,bigdata_main_node_07
trace,37458,200,2,52780_2,sim,0,37458,37658,37658,200,bigdata_main_node_18
trace,37467,198,2,52780_1,sim,0,37467,37665,37665,198,bigdata_main_node_18
trace,37452,214,2,52770_1,sim,0,37452,37666,37666,214,bigdata_main_node_05
trace,37453,213,2,52770_2,sim,0,37453,37666,37666,213,bigdata_main_node_05
trace,37453,214,2,52770_3,sim,0,37453,37667,37667,214,bigdata_main_node_18
trace,37467,200,2,52780_3,sim,0,37467,37667,37667,200,bigdata_main_node_18
trace,37482,186,2,52800_1,sim,0,37482,37668,37668,186,bigdata_main_node_12
trace,37482,186,2,52800_3,sim,0,37482,37668,37668,186,bigdata_main_node_05
trace,37482,186,2,52805_1,sim,0,37482,37668,37668,186,bigdata_main_node_05
trace,37481,190,2,52800_2,sim,0,37481,37671,37671,190,bigdata_main_node_03
trace,37483,188,2,52805_3,sim,0,37483,37671,37671,188,bigdata_main_node_18
trace,37484,187,2,52810_1,sim,0,37484,37671,37671,187,bigdata_main_node_15
trace,37484,187,2,52810_2,sim,0,37484,37671,37671,187,bigdata_main_node_15
trace,37481,191,2,52805_2,sim,0,37481,37672,37672,191,bigdata_main_node_09
trace,37483,189,2,52810_3,sim,0,37483,37672,37672,189,bigdata_main_node_18
trace,36337,1354,2,51373_2,sim,0,36337,37691,37691,1354,bigdata_main_node_02
trace,36338,1354,2,51373_1,sim,0,36338,37692,37692,1354,bigdata_main_node_09
trace,36338,1355,2,51373_3,sim,0,36338,37693,37693,1355,bigdata_main_node_13
trace,36338,1355,2,51373_4,sim,0,36338,37693,37693,1355,bigdata_main_node_12
trace,27720,9974,2,41545_1,sim,0,27720,37694,37694,9974,bigdata_main_node_14
trace,37500,203,2,52817_1,sim,0,37500,37703,37703,203,bigdata_main_node_15
trace,37500,203,2,52817_2,sim,0,37500,37703,37703,203,bigdata_main_node_05
trace,37512,212,2,52824_1,sim,0,37512,37724,37724,212,bigdata_main_node_05
trace,37513,211,2,52824_2,sim,0,37513,37724,37724,211,bigdata_main_node_07
trace,37513,211,2,52824_3,sim,0,37513,37724,37724,211,bigdata_main_node_07
trace,37325,440,2,52600_1,sim,0,37325,37765,37765,440,bigdata_main_node_09
trace,37325,440,2,52600_3,sim,0,37325,37765,37765,440,bigdata_main_node_11
trace,37326,439,2,52600_2,sim,0,37326,37765,37765,439,bigdata_main_node_06
trace,37326,439,2,52600_4,sim,0,37326,37765,37765,439,bigdata_main_node_06
trace,37573,235,2,52874_1,sim,0,37573,37808,37808,235,bigdata_main_node_15
trace,37714,232,2,53014_2,sim,0,37714,37946,37946,232,bigdata_main_node_18
trace,37714,233,2,53014_1,sim,0,37714,37947,37947,233,bigdata_main_node_05
trace,37674,303,2,52936_1,sim,0,37674,37977,37977,303,bigdata_main_node_09
trace,37760,242,2,53081_1,sim,0,37760,38002,38002,242,bigdata_main_node_07
trace,37795,222,2,53129_1,sim,0,37795,38017,38017,222,bigdata_main_node_09
trace,37795,305,2,53134_1,sim,0,37795,38100,38100,305,bigdata_main_node_18
trace,18771,19362,2,27816_2,sim,0,18771,38133,38133,19362,bigdata_main_node_08
trace,18801,19346,2,27858_1,sim,0,18801,38147,38147,19346,bigdata_main_node_13
trace,18801,19346,2,27858_2,sim,0,18801,38147,38147,19346,bigdata_main_node_13
trace,18771,19380,2,27816_1,sim,0,18771,38151,38151,19380,bigdata_main_node_06
trace,37875,315,2,53264_2,sim,0,37875,38190,38190,315,bigdata_main_node_08
trace,37876,321,2,53264_1,sim,0,37876,38197,38197,321,bigdata_main_node_08
trace,38050,213,2,53620_2,sim,0,38050,38263,38263,213,bigdata_main_node_04
trace,38050,214,2,53620_1,sim,0,38050,38264,38264,214,bigdata_main_node_04
trace,38093,223,2,53643_1,sim,0,38093,38316,38316,223,bigdata_main_node_04
trace,38149,248,2,53766_1,sim,0,38149,38397,38397,248,bigdata_main_node_04
trace,38149,250,2,53766_2,sim,0,38149,38399,38399,250,bigdata_main_node_04
trace,38207,216,2,53872_1,sim,0,38207,38423,38423,216,bigdata_main_node_11
trace,38208,216,2,53872_2,sim,0,38208,38424,38424,216,bigdata_main_node_11
trace,38138,312,2,53729_1,sim,0,38138,38450,38450,312,bigdata_main_node_08
trace,37760,691,2,53078_2,sim,0,37760,38451,38451,691,bigdata_main_node_07
trace,37760,694,2,53078_1,sim,0,37760,38454,38454,694,bigdata_main_node_05
trace,38041,427,2,53583_1,sim,0,38041,38468,38468,427,bigdata_main_node_07
trace,38044,454,2,53599_1,sim,0,38044,38498,38498,454,bigdata_main_node_09
trace,38256,245,2,53923_1,sim,0,38256,38501,38501,245,bigdata_main_node_06
trace,38310,222,2,53970_1,sim,0,38310,38532,38532,222,bigdata_main_node_06
trace,38277,278,2,53928_1,sim,0,38277,38555,38555,278,bigdata_main_node_04
trace,38277,278,2,53928_2,sim,0,38277,38555,38555,278,bigdata_main_node_04
trace,38400,263,2,54101_1,sim,0,38400,38663,38663,263,bigdata_main_node_06
trace,38419,250,2,54113_1,sim,0,38419,38669,38669,250,bigdata_main_node_06
trace,38419,250,2,54113_2,sim,0,38419,38669,38669,250,bigdata_main_node_13
trace,38421,250,2,54113_3,sim,0,38421,38671,38671,250,bigdata_main_node_13
trace,38419,253,2,54113_4,sim,0,38419,38672,38672,253,bigdata_main_node_13
trace,38045,635,2,53586_1,sim,0,38045,38680,38680,635,bigdata_main_node_09
trace,27700,11035,2,41520_1,sim,0,27700,38735,38735,11035,bigdata_main_node_01
trace,37829,937,2,53150_1,sim,0,37829,38766,38766,937,bigdata_main_node_18
trace,38041,778,2,53594_1,sim,0,38041,38819,38819,778,bigdata_main_node_08
trace,38215,606,2,53882_1,sim,0,38215,38821,38821,606,bigdata_main_node_06
trace,38045,838,2,53588_1,sim,0,38045,38883,38883,838,bigdata_main_node_04
trace,38174,723,2,53818_1,sim,0,38174,38897,38897,723,bigdata_main_node_02
trace,38195,712,2,53854_1,sim,0,38195,38907,38907,712,bigdata_main_node_11
trace,38174,737,2,53820_1,sim,0,38174,38911,38911,737,bigdata_main_node_02
trace,38202,720,2,53859_1,sim,0,38202,38922,38922,720,bigdata_main_node_08
trace,38174,752,2,53810_1,sim,0,38174,38926,38926,752,bigdata_main_node_01
trace,38180,747,2,53836_1,sim,0,38180,38927,38927,747,bigdata_main_node_02
trace,38399,529,2,54084_1,sim,0,38399,38928,38928,529,bigdata_main_node_04
trace,38041,890,2,53596_1,sim,0,38041,38931,38931,890,bigdata_main_node_18
trace,38170,771,2,53786_1,sim,0,38170,38941,38941,771,bigdata_main_node_04
trace,38171,771,2,53796_1,sim,0,38171,38942,38942,771,bigdata_main_node_01
trace,38142,824,2,53732_1,sim,0,38142,38966,38966,824,bigdata_main_node_18
trace,37874,1096,2,53262_1,sim,0,37874,38970,38970,1096,bigdata_main_node_08
trace,38176,794,2,53828_1,sim,0,38176,38970,38970,794,bigdata_main_node_02
trace,38180,791,2,53839_1,sim,0,38180,38971,38971,791,bigdata_main_node_02
trace,38195,779,2,53851_1,sim,0,38195,38974,38974,779,bigdata_main_node_11
trace,38170,809,2,53788_1,sim,0,38170,38979,38979,809,bigdata_main_node_01
trace,38191,793,2,53844_1,sim,0,38191,38984,38984,793,bigdata_main_node_08
trace,38171,814,2,53799_1,sim,0,38171,38985,38985,814,bigdata_main_node_01
trace,38180,805,2,53831_1,sim,0,38180,38985,38985,805,bigdata_main_node_02
trace,38202,787,2,53862_1,sim,0,38202,38989,38989,787,bigdata_main_node_11
trace,38174,817,2,53815_1,sim,0,38174,38991,38991,817,bigdata_main_node_01
trace,38202,793,2,53867_1,sim,0,38202,38995,38995,793,bigdata_main_node_11
trace,38174,825,2,53812_1,sim,0,38174,38999,38999,825,bigdata_main_node_01
trace,38394,613,2,54099_1,sim,0,38394,39007,39007,613,bigdata_main_node_04
trace,38174,842,2,53823_1,sim,0,38174,39016,39016,842,bigdata_main_node_02
trace,38235,791,2,53901_1,sim,0,38235,39026,39026,791,bigdata_main_node_06
trace,38223,816,2,53890_1,sim,0,38223,39039,39039,816,bigdata_main_node_06
trace,38195,845,2,53856_1,sim,0,38195,39040,39040,845,bigdata_main_node_11
trace,38172,872,2,53802_1,sim,0,38172,39044,39044,872,bigdata_main_node_01
trace,38164,885,2,53804_1,sim,0,38164,39049,39049,885,bigdata_main_node_04
trace,38202,847,2,53870_1,sim,0,38202,39049,39049,847,bigdata_main_node_11
trace,38218,832,2,53887_1,sim,0,38218,39050,39050,832,bigdata_main_node_06
trace,38170,883,2,53791_1,sim,0,38170,39053,39053,883,bigdata_main_node_01
trace,38180,876,2,53834_1,sim,0,38180,39056,39056,876,bigdata_main_node_02
trace,38834,224,2,54787_1,sim,0,38834,39058,39058,224,bigdata_main_node_08
trace,38172,928,2,53794_1,sim,0,38172,39100,39100,928,bigdata_main_node_01
trace,38202,916,2,53864_1,sim,0,38202,39118,39118,916,bigdata_main_node_11
trace,38173,947,2,53807_1,sim,0,38173,39120,39120,947,bigdata_main_node_01
trace,38174,961,2,53826_1,sim,0,38174,39135,39135,961,bigdata_main_node_02
trace,38040,1096,2,53591_1,sim,0,38040,39136,39136,1096,bigdata_main_node_05
trace,38437,759,2,54166_1,sim,0,38437,39196,39196,759,bigdata_main_node_11
trace,38215,992,2,53885_1,sim,0,38215,39207,39207,992,bigdata_main_node_06
trace,37705,1507,2,52956_1,sim,0,37705,39212,39212,1507,bigdata_main_node_17
trace,38479,740,2,54237_1,sim,0,38479,39219,39219,740,bigdata_main_node_16
trace,38977,255,2,55006_1,sim,0,38977,39232,39232,255,bigdata_main_node_08
trace,37701,1533,2,52988_1,sim,0,37701,39234,39234,1533,bigdata_main_node_09
trace,37711,1525,2,53006_1,sim,0,37711,39236,39236,1525,bigdata_main_node_05
trace,38966,271,2,54999_1,sim,0,38966,39237,39237,271,bigdata_main_node_11
trace,37705,1537,2,52961_1,sim,0,37705,39242,39242,1537,bigdata_main_node_03
trace,38437,811,2,54169_1,sim,0,38437,39248,39248,811,bigdata_main_node_13
trace,37710,1560,2,52990_1,sim,0,37710,39270,39270,1560,bigdata_main_node_07
trace,37705,1566,2,52958_1,sim,0,37705,39271,39271,1566,bigdata_main_node_03
trace,38479,793,2,54240_1,sim,0,38479,39272,39272,793,bigdata_main_node_16
trace,37705,1569,2,52964_1,sim,0,37705,39274,39274,1569,bigdata_main_node_03
trace,37711,1573,2,53009_1,sim,0,37711,39284,39284,1573,bigdata_main_node_05
trace,38479,805,2,54242_1,sim,0,38479,39284,39284,805,bigdata_main_node_16
trace,37706,1579,2,52966_1,sim,0,37706,39285,39285,1579,bigdata_main_node_12
trace,37709,1576,2,52977_1,sim,0,37709,39285,39285,1576,bigdata_main_node_15
trace,37709,1580,2,52993_1,sim,0,37709,39289,39289,1580,bigdata_main_node_07
trace,37706,1605,2,52969_1,sim,0,37706,39311,39311,1605,bigdata_main_node_12
trace,37709,1607,2,52980_1,sim,0,37709,39316,39316,1607,bigdata_main_node_15
trace,38488,830,2,54248_1,sim,0,38488,39318,39318,830,bigdata_main_node_26
trace,37711,1612,2,53012_1,sim,0,37711,39323,39323,1612,bigdata_main_node_05
trace,38581,742,2,54419_1,sim,0,38581,39323,39323,742,bigdata_main_node_06
trace,37710,1617,2,52996_1,sim,0,37710,39327,39327,1617,bigdata_main_node_07
trace,37706,1624,2,52972_1,sim,0,37706,39330,39330,1624,bigdata_main_node_12
trace,37709,1621,2,52982_1,sim,0,37709,39330,39330,1621,bigdata_main_node_07
trace,37710,1626,2,52998_1,sim,0,37710,39336,39336,1626,bigdata_main_node_05
trace,38400,942,2,54087_1,sim,0,38400,39342,39342,942,bigdata_main_node_04
trace,37711,1636,2,53001_1,sim,0,37711,39347,39347,1636,bigdata_main_node_05
trace,37709,1641,2,52985_1,sim,0,37709,39350,39350,1641,bigdata_main_node_07
trace,37706,1645,2,52974_1,sim,0,37706,39351,39351,1645,bigdata_main_node_15
trace,37710,1652,2,53004_1,sim,0,37710,39362,39362,1652,bigdata_main_node_05
trace,38501,868,2,54256_1,sim,0,38501,39369,39369,868,bigdata_main_node_06
trace,38612,764,2,54433_1,sim,0,38612,39376,39376,764,bigdata_main_node_10
trace,39200,187,2,55267_1,sim,0,39200,39387,39387,187,bigdata_main_node_11
trace,37068,2323,2,52258_1,sim,0,37068,39391,39391,2323,bigdata_main_node_18
trace,38229,1262,2,53893_1,sim,0,38229,39491,39491,1262,bigdata_main_node_06
trace,38229,1311,2,53895_1,sim,0,38229,39540,39540,1311,bigdata_main_node_06
trace,36089,3553,2,50889_1,sim,0,36089,39642,39642,3553,bigdata_main_node_04
trace,35483,4165,2,50493_1,sim,0,35483,39648,39648,4165,bigdata_main_node_02
trace,35491,4165,2,50493_2,sim,0,35491,39656,39656,4165,bigdata_main_node_05
trace,35497,4165,2,50493_3,sim,0,35497,39662,39662,4165,bigdata_main_node_05
trace,38438,1254,2,54171_1,sim,0,38438,39692,39692,1254,bigdata_main_node_13
trace,38469,1240,2,54225_1,sim,0,38469,39709,39709,1240,bigdata_main_node_16
trace,35630,4080,2,50612_1,sim,0,35630,39710,39710,4080,bigdata_main_node_02
trace,38438,1273,2,54174_1,sim,0,38438,39711,39711,1273,bigdata_main_node_13
trace,35632,4081,2,50612_2,sim,0,35632,39713,39713,4081,bigdata_main_node_07
trace,35637,4081,2,50612_3,sim,0,35637,39718,39718,4081,bigdata_main_node_04
trace,35677,4070,2,50615_2,sim,0,35677,39747,39747,4070,bigdata_main_node_05
trace,35678,4069,2,50615_3,sim,0,35678,39747,39747,4069,bigdata_main_node_03
trace,35691,4056,2,50638_2,sim,0,35691,39747,39747,4056,bigdata_main_node_12
trace,35692,4055,2,50638_1,sim,0,35692,39747,39747,4055,bigdata_main_node_12
trace,38488,1259,2,54253_1,sim,0,38488,39747,39747,1259,bigdata_main_node_26
trace,35679,4069,2,50615_1,sim,0,35679,39748,39748,4069,bigdata_main_node_11
trace,35712,4036,2,50643_2,sim,0,35712,39748,39748,4036,bigdata_main_node_17
trace,35707,4046,2,50640_1,sim,0,35707,39753,39753,4046,bigdata_main_node_15
trace,35707,4046,2,50640_3,sim,0,35707,39753,39753,4046,bigdata_main_node_15
trace,35695,4060,2,50638_3,sim,0,35695,39755,39755,4060,bigdata_main_node_12
trace,35719,4036,2,50643_1,sim,0,35719,39755,39755,4036,bigdata_main_node_17
trace,35736,4020,2,50647_1,sim,0,35736,39756,39756,4020,bigdata_main_node_07
trace,35738,4020,2,50647_3,sim,0,35738,39758,39758,4020,bigdata_main_node_03
trace,35708,4051,2,50640_2,sim,0,35708,39759,39759,4051,bigdata_main_node_15
trace,35722,4040,2,50643_3,sim,0,35722,39762,39762,4040,bigdata_main_node_07
trace,35736,4026,2,50647_2,sim,0,35736,39762,39762,4026,bigdata_main_node_17
trace,37402,2393,2,52719_3,sim,0,37402,39795,39795,2393,bigdata_main_node_09
trace,37349,2453,2,52650_1,sim,0,37349,39802,39802,2453,bigdata_main_node_03
trace,37349,2453,2,52650_2,sim,0,37349,39802,39802,2453,bigdata_main_node_03
trace,37349,2453,2,52650_3,sim,0,37349,39802,39802,2453,bigdata_main_node_01
trace,37411,2392,2,52719_1,sim,0,37411,39803,39803,2392,bigdata_main_node_03
trace,37411,2392,2,52719_2,sim,0,37411,39803,39803,2392,bigdata_main_node_17
trace,38661,1185,2,54475_1,sim,0,38661,39846,39846,1185,bigdata_main_node_14
trace,38656,1191,2,54478_1,sim,0,38656,39847,39847,1191,bigdata_main_node_14
trace,38625,1223,2,54441_1,sim,0,38625,39848,39848,1223,bigdata_main_node_10
trace,38651,1200,2,54470_1,sim,0,38651,39851,39851,1200,bigdata_main_node_14
trace,38625,1243,2,54444_1,sim,0,38625,39868,39868,1243,bigdata_main_node_10
trace,38437,1434,2,54163_1,sim,0,38437,39871,39871,1434,bigdata_main_node_11
trace,38438,1434,2,54163_2,sim,0,38438,39872,39872,1434,bigdata_main_node_13
trace,38442,1430,2,54178_1,sim,0,38442,39872,39872,1430,bigdata_main_node_13
trace,38442,1431,2,54178_3,sim,0,38442,39873,39873,1431,bigdata_main_node_13
trace,38443,1430,2,54181_1,sim,0,38443,39873,39873,1430,bigdata_main_node_16
trace,38654,1219,2,54472_1,sim,0,38654,39873,39873,1219,bigdata_main_node_14
trace,38446,1428,2,54181_3,sim,0,38446,39874,39874,1428,bigdata_main_node_16
trace,38442,1433,2,54178_2,sim,0,38442,39875,39875,1433,bigdata_main_node_13
trace,38438,1438,2,54163_3,sim,0,38438,39876,39876,1438,bigdata_main_node_13
trace,38467,1412,2,54219_1,sim,0,38467,39879,39879,1412,bigdata_main_node_05
trace,38467,1412,2,54219_2,sim,0,38467,39879,39879,1412,bigdata_main_node_08
trace,38446,1437,2,54181_2,sim,0,38446,39883,39883,1437,bigdata_main_node_16
trace,38663,1220,2,54480_1,sim,0,38663,39883,39883,1220,bigdata_main_node_06
trace,38469,1416,2,54219_3,sim,0,38469,39885,39885,1416,bigdata_main_node_16
trace,38640,1245,2,54455_1,sim,0,38640,39885,39885,1245,bigdata_main_node_14
trace,38488,1399,2,54245_1,sim,0,38488,39887,39887,1399,bigdata_main_node_16
trace,38488,1399,2,54245_2,sim,0,38488,39887,39887,1399,bigdata_main_node_26
trace,38488,1399,2,54245_3,sim,0,38488,39887,39887,1399,bigdata_main_node_26
trace,38636,1255,2,54457_1,sim,0,38636,39891,39891,1255,bigdata_main_node_14
trace,38453,1459,2,54189_1,sim,0,38453,39912,39912,1459,bigdata_main_node_07
trace,38592,1327,2,54425_2,sim,0,38592,39919,39919,1327,bigdata_main_node_04
trace,38591,1334,2,54425_3,sim,0,38591,39925,39925,1334,bigdata_main_node_04
trace,38595,1334,2,54425_1,sim,0,38595,39929,39929,1334,bigdata_main_node_26
trace,38834,1095,2,54784_1,sim,0,38834,39929,39929,1095,bigdata_main_node_01
trace,38605,1325,2,54431_1,sim,0,38605,39930,39930,1325,bigdata_main_node_26
trace,38610,1323,2,54431_2,sim,0,38610,39933,39933,1323,bigdata_main_node_26
trace,38612,1327,2,54431_3,sim,0,38612,39939,39939,1327,bigdata_main_node_10
trace,35062,4883,2,49835_1,sim,0,35062,39945,39945,4883,bigdata_main_node_26
trace,35063,4882,2,49835_2,sim,0,35063,39945,39945,4882,bigdata_main_node_11
trace,38629,1318,2,54447_2,sim,0,38629,39947,39947,1318,bigdata_main_node_10
trace,38631,1318,2,54447_1,sim,0,38631,39949,39949,1318,bigdata_main_node_10
trace,38632,1319,2,54447_3,sim,0,38632,39951,39951,1319,bigdata_main_node_10
trace,35065,4888,2,49835_3,sim,0,35065,39953,39953,4888,bigdata_main_node_17
trace,38993,987,2,55016_1,sim,0,38993,39980,39980,987,bigdata_main_node_08
trace,38996,987,2,55016_3,sim,0,38996,39983,39983,987,bigdata_main_node_11
trace,38995,990,2,55016_2,sim,0,38995,39985,39985,990,bigdata_main_node_06
trace,39060,925,2,55114_1,sim,0,39060,39985,39985,925,bigdata_main_node_08
trace,39061,924,2,55114_2,sim,0,39061,39985,39985,924,bigdata_main_node_18
trace,39059,931,2,55114_3,sim,0,39059,39990,39990,931,bigdata_main_node_04
trace,39108,888,2,55140_1,sim,0,39108,39996,39996,888,bigdata_main_node_11
trace,39108,889,2,55140_2,sim,0,39108,39997,39997,889,bigdata_main_node_11
trace,39108,890,2,55140_3,sim,0,39108,39998,39998,890,bigdata_main_node_13
trace,39177,833,2,55236_2,sim,0,39177,40010,40010,833,bigdata_main_node_02
trace,39179,834,2,55236_3,sim,0,39179,40013,40013,834,bigdata_main_node_02
trace,39193,820,2,55262_1,sim,0,39193,40013,40013,820,bigdata_main_node_02
trace,39193,820,2,55262_3,sim,0,39193,40013,40013,820,bigdata_main_node_01
trace,39193,821,2,55262_2,sim,0,39193,40014,40014,821,bigdata_main_node_02
trace,39222,794,2,55289_2,sim,0,39222,40016,40016,794,bigdata_main_node_06
trace,39181,837,2,55236_1,sim,0,39181,40018,40018,837,bigdata_main_node_02
trace,39237,784,2,55298_1,sim,0,39237,40021,40021,784,bigdata_main_node_09
trace,39239,782,2,55298_2,sim,0,39239,40021,40021,782,bigdata_main_node_11
trace,39223,801,2,55289_1,sim,0,39223,40024,40024,801,bigdata_main_node_16
trace,39226,800,2,55289_3,sim,0,39226,40026,40026,800,bigdata_main_node_17
trace,39240,787,2,55298_3,sim,0,39240,40027,40027,787,bigdata_main_node_01
trace,38183,1850,2,53842_1,sim,0,38183,40033,40033,1850,bigdata_main_node_02
trace,38183,1852,2,53842_2,sim,0,38183,40035,40035,1852,bigdata_main_node_11
trace,39159,889,2,55202_1,sim,0,39159,40048,40048,889,bigdata_main_node_02
trace,38469,1598,2,54222_2,sim,0,38469,40067,40067,1598,bigdata_main_node_16
trace,38995,1072,2,55014_1,sim,0,38995,40067,40067,1072,bigdata_main_node_06
trace,38468,1602,2,54222_1,sim,0,38468,40070,40070,1602,bigdata_main_node_07
trace,38488,1585,2,54250_1,sim,0,38488,40073,40073,1585,bigdata_main_node_26
trace,38485,1590,2,54250_2,sim,0,38485,40075,40075,1590,bigdata_main_node_16
trace,38526,1563,2,54294_1,sim,0,38526,40089,40089,1563,bigdata_main_node_26
trace,38526,1564,2,54294_2,sim,0,38526,40090,40090,1564,bigdata_main_node_26
trace,39082,1015,2,55130_1,sim,0,39082,40097,40097,1015,bigdata_main_node_06
trace,35579,4531,2,50597_1,sim,0,35579,40110,40110,4531,bigdata_main_node_17
trace,38982,1132,2,55008_1,sim,0,38982,40114,40114,1132,bigdata_main_node_11
trace,38621,1505,2,54436_1,sim,0,38621,40126,40126,1505,bigdata_main_node_10
trace,38623,1504,2,54436_2,sim,0,38623,40127,40127,1504,bigdata_main_node_10
trace,38634,1504,2,54449_2,sim,0,38634,40138,40138,1504,bigdata_main_node_10
trace,38646,1494,2,54467_2,sim,0,38646,40140,40140,1494,bigdata_main_node_14
trace,38635,1507,2,54449_1,sim,0,38635,40142,40142,1507,bigdata_main_node_10
trace,38646,1500,2,54467_1,sim,0,38646,40146,40146,1500,bigdata_main_node_14
trace,38836,1312,2,54791_2,sim,0,38836,40148,40148,1312,bigdata_main_node_18
trace,38836,1317,2,54791_1,sim,0,38836,40153,40153,1317,bigdata_main_node_09
trace,38983,1177,2,55011_1,sim,0,38983,40160,40160,1177,bigdata_main_node_04
trace,38986,1177,2,55011_2,sim,0,38986,40163,40163,1177,bigdata_main_node_04
trace,39074,1100,2,55124_1,sim,0,39074,40174,40174,1100,bigdata_main_node_06
trace,39075,1100,2,55124_2,sim,0,39075,40175,40175,1100,bigdata_main_node_06
trace,36706,3476,2,52026_1,sim,0,36706,40182,40182,3476,bigdata_main_node_04
trace,36706,3476,2,52026_2,sim,0,36706,40182,40182,3476,bigdata_main_node_09
trace,36706,3476,2,52026_3,sim,0,36706,40182,40182,3476,bigdata_main_node_17
trace,35553,4704,2,50563_1,sim,0,35553,40257,40257,4704,bigdata_main_node_03
trace,39164,1093,2,55207_1,sim,0,39164,40257,40257,1093,bigdata_main_node_02
trace,35574,4720,2,50584_1,sim,0,35574,40294,40294,4720,bigdata_main_node_17
trace,39120,1201,2,55145_1,sim,0,39120,40321,40321,1201,bigdata_main_node_13
trace,38085,2351,2,53632_1,sim,0,38085,40436,40436,2351,bigdata_main_node_04
trace,39120,1340,2,55143_1,sim,0,39120,40460,40460,1340,bigdata_main_node_11
trace,39121,1340,2,55148_1,sim,0,39121,40461,40461,1340,bigdata_main_node_13
trace,38916,1584,2,54935_1,sim,0,38916,40500,40500,1584,bigdata_main_node_04
trace,35541,4967,2,50544_1,sim,0,35541,40508,40508,4967,bigdata_main_node_08
trace,35566,4948,2,50574_1,sim,0,35566,40514,40514,4948,bigdata_main_node_15
trace,39260,1297,2,55310_1,sim,0,39260,40557,40557,1297,bigdata_main_node_01
trace,39260,1318,2,55312_1,sim,0,39260,40578,40578,1318,bigdata_main_node_01
trace,39237,1354,2,55295_1,sim,0,39237,40591,40591,1354,bigdata_main_node_08
trace,39255,1347,2,55307_1,sim,0,39255,40602,40602,1347,bigdata_main_node_03
trace,33948,6665,2,48328_1,sim,0,33948,40613,40613,6665,bigdata_main_node_06
trace,33949,6664,2,48328_3,sim,0,33949,40613,40613,6664,bigdata_main_node_09
trace,39274,1341,2,55323_1,sim,0,39274,40615,40615,1341,bigdata_main_node_03
trace,33950,6666,2,48328_2,sim,0,33950,40616,40616,6666,bigdata_main_node_15
trace,35548,5088,2,50558_1,sim,0,35548,40636,40636,5088,bigdata_main_node_12
trace,38947,1689,2,54970_1,sim,0,38947,40636,40636,1689,bigdata_main_node_08
trace,39260,1398,2,55315_1,sim,0,39260,40658,40658,1398,bigdata_main_node_01
trace,35566,5111,2,50576_1,sim,0,35566,40677,40677,5111,bigdata_main_node_15
trace,37848,2913,2,53210_3,sim,0,37848,40761,40761,2913,bigdata_main_node_18
trace,35544,5219,2,50547_1,sim,0,35544,40763,40763,5219,bigdata_main_node_12
trace,37848,2915,2,53210_5,sim,0,37848,40763,40763,2915,bigdata_main_node_18
trace,37849,2914,2,53210_2,sim,0,37849,40763,40763,2914,bigdata_main_node_08
trace,37849,2916,2,53210_6,sim,0,37849,40765,40765,2916,bigdata_main_node_08
trace,37850,2918,2,53210_1,sim,0,37850,40768,40768,2918,bigdata_main_node_08
trace,37850,2919,2,53210_4,sim,0,37850,40769,40769,2919,bigdata_main_node_08
trace,39125,1685,2,55155_1,sim,0,39125,40810,40810,1685,bigdata_main_node_02
trace,36558,4268,2,51763_1,sim,0,36558,40826,40826,4268,bigdata_main_node_18
trace,35570,5348,2,50589_1,sim,0,35570,40918,40918,5348,bigdata_main_node_17
trace,39237,1736,2,55293_1,sim,0,39237,40973,40973,1736,bigdata_main_node_05
trace,35567,5412,2,50579_1,sim,0,35567,40979,40979,5412,bigdata_main_node_15
trace,35546,5482,2,50550_1,sim,0,35546,41028,41028,5482,bigdata_main_node_12
trace,35556,5544,2,50568_1,sim,0,35556,41100,41100,5544,bigdata_main_node_09
trace,35554,5673,2,50566_1,sim,0,35554,41227,41227,5673,bigdata_main_node_09
trace,35578,5739,2,50592_1,sim,0,35578,41317,41317,5739,bigdata_main_node_17
trace,35545,5773,2,50552_1,sim,0,35545,41318,41318,5773,bigdata_main_node_12
trace,35132,6195,2,49931_1,sim,0,35132,41327,41327,6195,bigdata_main_node_16
trace,27417,13948,2,41100_1,sim,0,27417,41365,41365,13948,bigdata_main_node_09
trace,35549,5934,2,50555_1,sim,0,35549,41483,41483,5934,bigdata_main_node_09
trace,33906,7689,2,48277_1,sim,0,33906,41595,41595,7689,bigdata_main_node_18
trace,33906,7689,2,48277_2,sim,0,33906,41595,41595,7689,bigdata_main_node_18
trace,33906,7689,2,48277_3,sim,0,33906,41595,41595,7689,bigdata_main_node_18
trace,35548,6058,2,50560_1,sim,0,35548,41606,41606,6058,bigdata_main_node_09
trace,35579,6174,2,50594_1,sim,0,35579,41753,41753,6174,bigdata_main_node_17
trace,37811,4136,2,53138_1,sim,0,37811,41947,41947,4136,bigdata_main_node_15
trace,37811,4174,2,53140_1,sim,0,37811,41985,41985,4174,bigdata_main_node_18
trace,37816,4221,2,53143_1,sim,0,37816,42037,42037,4221,bigdata_main_node_18
trace,35562,6528,2,50582_1,sim,0,35562,42090,42090,6528,bigdata_main_node_15
trace,38525,3814,2,54297_1,sim,0,38525,42339,42339,3814,bigdata_main_node_09
trace,38595,3824,2,54428_1,sim,0,38595,42419,42419,3824,bigdata_main_node_26
trace,38637,3844,2,54452_1,sim,0,38637,42481,42481,3844,bigdata_main_node_14
trace,35527,7041,2,50528_1,sim,0,35527,42568,42568,7041,bigdata_main_node_12
trace,38624,4022,2,54439_1,sim,0,38624,42646,42646,4022,bigdata_main_node_10
trace,39074,3715,2,55121_1,sim,0,39074,42789,42789,3715,bigdata_main_node_18
trace,39089,3833,2,55132_1,sim,0,39089,42922,42922,3833,bigdata_main_node_11
trace,39273,3721,2,55321_1,sim,0,39273,42994,42994,3721,bigdata_main_node_03
trace,39056,4020,2,55111_1,sim,0,39056,43076,43076,4020,bigdata_main_node_04
trace,27412,15727,2,41102_1,sim,0,27412,43139,43139,15727,bigdata_main_node_07
trace,39257,3883,2,55304_1,sim,0,39257,43140,43140,3883,bigdata_main_node_13
